0
0.1616275,0.98504,-0.05977254,0.02237969,0.05689475,0.9981294,0.9865979,-0.1626628,-0.01284912,0.7354748,-0.5424778,-0.1992532,0
0.1725028,0.9843017,-0.03732068,-0.02052483,0.04147229,0.9989289,0.984795,-0.171552,0.02735674,0.7457783,-0.5368853,-0.170594,0.02243114
0.1791755,0.983498,-0.02505864,-0.06330927,0.03694436,0.99731,0.9817778,-0.177107,0.068884,0.7562891,-0.5283762,-0.1319214,0.04430455
0.1597116,0.9866287,-0.03249692,-0.1444133,0.05591697,0.9879363,0.9765431,-0.1530918,0.1514129,0.7663795,-0.5133874,-0.05769589,0.07796697
0.1372858,0.9899189,-0.03483276,-0.225513,0.06547865,0.9720374,0.9645186,-0.1255916,0.2322288,0.7674481,-0.4978232,0.00682273,0.1002349
0.1143997,0.9922447,-0.04861353,-0.3189983,0.08303386,0.9441111,0.9408253,-0.09249833,0.3260233,0.7613662,-0.4768869,0.07947169,0.1225929
0.06194989,0.9969677,-0.04709106,-0.504832,0.0720007,0.8602096,0.8609915,-0.0295168,0.5077615,0.7297511,-0.4402693,0.2111875,0.156008
0.03418466,0.9971414,-0.06738193,-0.6289638,0.07386015,0.7739182,0.7766824,0.01592463,0.6296905,0.6897288,-0.4137551,0.3043199,0.1787499
0.01070225,0.996101,-0.0875696,-0.8108927,0.05988817,0.5821223,0.5850968,0.0647795,0.8083717,0.5793837,-0.3804501,0.441529,0.2122015
-0.000426798,0.9964963,-0.08363675,-0.9140213,0.03353985,0.4042776,0.4056661,0.07661827,0.9108042,0.4833158,-0.3625117,0.5158575,0.2344965
-0.01556059,0.9949358,-0.09930141,-0.9821924,0.003387181,0.1878478,0.1872327,0.1004562,0.9771653,0.3735353,-0.3405372,0.5744879,0.2567661
-0.1598792,0.9752917,-0.1524626,-0.9736373,-0.1812559,-0.1384799,-0.162693,0.1263032,0.9785591,0.1957307,-0.3128268,0.6175589,0.2903879
-0.2544971,0.9452503,-0.2042868,-0.9018593,-0.3082382,-0.3027195,-0.3491146,0.1071967,0.9309282,0.09038762,-0.301605,0.6201105,0.3126489
-0.3388329,0.9024516,-0.2660329,-0.7771459,-0.4278367,-0.4615194,-0.5303174,0.05036846,0.8463014,-0.04073995,-0.2982473,0.602026,0.3462718
-0.3440223,0.8871384,-0.3076267,-0.6849082,-0.4612035,-0.5640852,-0.6423,0.01663816,0.7662724,-0.1146922,-0.2954086,0.5755623,0.3685389
-0.2997101,0.8955787,-0.3288046,-0.6317929,-0.4445615,-0.6349825,-0.7148507,0.01742577,0.6990596,-0.1745283,-0.2974951,0.5396088,0.3907059
-0.2918137,0.8748755,-0.3865718,-0.4929366,-0.4839162,-0.7230758,-0.8196693,-0.02044802,0.5724714,-0.244559,-0.3050357,0.4813232,0.4243297
-0.2673018,0.8735398,-0.40679,-0.4118315,-0.485216,-0.7713368,-0.8711742,-0.03865071,0.4894499,-0.2830054,-0.3082975,0.4454596,0.4469085
-0.2121989,0.8956614,-0.3908483,-0.3106918,-0.4410382,-0.8419951,-0.9265212,-0.05723706,0.3718624,-0.3233092,-0.3130277,0.3947276,0.4802814
-0.1849835,0.9026474,-0.3885986,-0.2658876,-0.4266451,-0.8644527,-0.9460893,-0.05658591,0.3189249,-0.3387438,-0.3155661,0.3680662,0.5026009

1
0.09510086,0.9917521,-0.08592689,-0.6345054,0.1269019,0.7624295,0.7670453,-0.01798661,0.6413404,0.6729257,-0.4525244,0.2568235,0
0.11067,0.9907592,-0.07841198,-0.676227,0.1328841,0.7246096,0.728333,-0.02716822,0.6846841,0.6565384,-0.4511643,0.2885896,0.0219475
0.1546793,0.9789397,-0.1332343,-0.712745,0.2039579,0.6711153,0.6841553,-0.008845577,0.7292823,0.6295564,-0.4406165,0.3394854,0.05573281
0.1576891,0.9765884,-0.1463195,-0.7455113,0.2149027,0.6308961,0.6475699,0.009597403,0.7619452,0.6117368,-0.4305093,0.3716732,0.07781214
0.1000427,0.984735,-0.1424374,-0.7983646,0.1648817,0.5791614,0.5938057,0.05577615,0.8026725,0.5786312,-0.4119821,0.4215984,0.1114677
0.09492427,0.9857899,-0.1385918,-0.8317574,0.1550336,0.5330517,0.5469632,0.06467523,0.8346543,0.5512052,-0.4004375,0.4552453,0.1336699
0.1095258,0.9851384,-0.1323119,-0.8864413,0.1570291,0.4353891,0.4496953,0.06960034,0.8904658,0.496506,-0.3839827,0.5063841,0.1673101
0.101427,0.9866898,-0.1271055,-0.9217452,0.141274,0.3611475,0.3742971,0.08052882,0.9238054,0.451514,-0.3716215,0.5385337,0.1897742
0.06922994,0.9883332,-0.1356638,-0.9659044,0.1004148,0.2386324,0.2494709,0.1145177,0.9615869,0.3779172,-0.3510209,0.582501,0.2230807
0.05856627,0.988686,-0.1380942,-0.986237,0.07872856,0.1453906,0.1546175,0.1276786,0.9796893,0.3200966,-0.3403226,0.605207,0.2452691
0.1084457,0.9842085,-0.1399045,-0.9940232,0.1091349,-0.002758557,0.01255341,0.1393674,0.990161,0.2177758,-0.3284991,0.634275,0.2791464
0.1339246,0.9840119,-0.1174092,-0.9854712,0.1197523,-0.1204422,-0.1044566,0.1318336,0.9857528,0.1386645,-0.3258749,0.6414745,0.3012967
0.07474583,0.9934233,-0.08673659,-0.9420044,0.04180369,-0.3329868,-0.3271708,0.1065956,0.9389334,0.01438696,-0.3319847,0.6278714,0.3346168
0.01291713,0.9978632,-0.06404705,-0.8742337,-0.01981897,-0.4851009,-0.4853335,0.06225814,0.8721094,-0.06666684,-0.3438757,0.604437,0.3572968
-0.00121766,0.9999974,-0.001920176,-0.7583196,-0.002175088,-0.6518794,-0.6518816,0.0006622953,0.75832,-0.1691674,-0.3607876,0.552312,0.3903664
-0.05931691,0.9982367,0.002305885,-0.6833583,-0.03892236,-0.7290452,-0.7276696,-0.04482036,0.6844618,-0.2247625,-0.3746401,0.5112879,0.4127897
-0.08271185,0.995998,0.03386908,-0.5660415,-0.01898097,-0.8241584,-0.8202171,-0.0873389,0.5653459,-0.288412,-0.3869449,0.4456439,0.4461202
-0.07486433,0.9959745,0.04929772,-0.5072078,0.004531626,-0.8618121,-0.858566,-0.08952305,0.5048266,-0.3205794,-0.3888744,0.4069971,0.4685332
-0.07606509,0.9964327,0.03655102,-0.4021534,0.002885302,-0.9155679,-0.9124069,-0.08434179,0.4004993,-0.3513739,-0.3920787,0.3521338,0.5020857
-0.06740925,0.9970578,0.03649725,-0.3458894,0.01095799,-0.9382114,-0.9358507,-0.07586809,0.3441329,-0.3649764,-0.3933206,0.3198782,0.5244635

2
0.07426811,0.9962291,-0.04485407,-0.7694225,0.08585744,0.6329435,0.6344075,-0.01249576,0.7728974,0.5938637,-0.4485449,0.3434627,0
0.08926598,0.9930583,-0.07659644,-0.7661669,0.1176018,0.6317897,0.6364115,0.002288406,0.7713459,0.5938252,-0.4415955,0.3536552,0.02238157
0.09125909,0.9922783,-0.08399722,-0.7673318,0.1238316,0.6291801,0.6347231,0.007035368,0.7727073,0.5911182,-0.4350085,0.3651474,0.04491925
0.0966918,0.991474,-0.08734882,-0.7723352,0.1300969,0.6217501,0.6278127,0.007344447,0.7783294,0.5836723,-0.4269193,0.3803643,0.06742704
0.1073586,0.9880949,-0.1101941,-0.7943709,0.1518998,0.5881339,0.5978703,0.02439372,0.8012213,0.5673998,-0.4149148,0.4032974,0.08942359
0.1088974,0.9833824,-0.14526,-0.8278086,0.1706139,0.5344378,0.5503399,0.06204854,0.8326316,0.5430781,-0.3987627,0.4311774,0.1118603
0.09673978,0.9805906,-0.1705384,-0.8668353,0.1672084,0.4697211,0.4891196,0.1023879,0.8661859,0.5070054,-0.3821373,0.4604101,0.1341377
0.08509857,0.9794699,-0.1827491,-0.9036674,0.1531297,0.3999209,0.4196946,0.1311117,0.8981457,0.4634674,-0.3671443,0.4928636,0.1562597
0.07363687,0.9784333,-0.1929924,-0.9483122,0.1285943,0.2901163,0.308677,0.1616538,0.9373291,0.4023828,-0.3504227,0.5271199,0.1785444
0.0613656,0.9769281,-0.2045629,-0.9868335,0.09011184,0.1343121,0.1496466,0.1936274,0.9695948,0.3285528,-0.3335871,0.5592371,0.2011493
0.04857194,0.9748038,-0.2177117,-0.9979228,0.03812601,-0.05192951,-0.04232068,0.2197817,0.9746304,0.2415197,-0.319453,0.5850745,0.2231637
0.001499358,0.9750383,-0.2220316,-0.9662404,-0.05579131,-0.2515292,-0.2576379,0.214913,0.9420376,0.1405579,-0.3117169,0.5904257,0.2457466
-0.05468287,0.9700392,-0.2367149,-0.8892742,-0.1551259,-0.4302647,-0.4540941,0.1869763,0.8711131,0.04481566,-0.3134951,0.580748,0.2679882
-0.1032326,0.9603899,-0.2588331,-0.7687308,-0.2421676,-0.5919529,-0.6311864,0.1378641,0.7632805,-0.04866153,-0.3210096,0.5585748,0.2903741
-0.1402331,0.949967,-0.2791011,-0.6004778,-0.3057281,-0.738889,-0.7872491,0.06397735,0.6133071,-0.128771,-0.3419127,0.5165245,0.3127105
-0.1474197,0.9515341,-0.2699082,-0.4309172,-0.3074187,-0.8484129,-0.8902685,-0.008764646,0.4553518,-0.1943729,-0.3579107,0.4674693,0.3349909
-0.1586121,0.9500877,-0.268655,-0.2793634,-0.3041657,-0.9107357,-0.9469942,-0.06940133,0.313664,-0.2466188,-0.3706923,0.4177237,0.3574128
-0.161477,0.9356665,-0.3137732,-0.1458222,-0.3370777,-0.9301155,-0.9760435,-0.1044371,0.1908711,-0.285551,-0.3807549,0.368489,0.3798588
-0.121707,0.9295411,-0.3480527,-0.03388825,-0.3543465,-0.9345001,-0.9919872,-0.1019402,0.074627,-0.3140655,-0.3833417,0.3227958,0.4025855
-0.07080542,0.9404101,-0.3325891,0.06619415,-0.3282613,-0.9422648,-0.9952912,-0.08873288,-0.03900702,-0.3368069,-0.3814544,0.2810265,0.4249323

3
0.2793181,0.9514968,-0.1289774,-0.7131323,0.295515,0.6356989,0.6429802,-0.08558425,0.7610856,0.5673572,-0.5216158,0.233739,0
0.2794521,0.9503741,-0.1367321,-0.7388676,0.3037964,0.6014837,0.6131729,-0.06705888,0.7870969,0.559162,-0.5072528,0.2699819,0.02237493
0.2821395,0.9477618,-0.1488111,-0.7736508,0.3164936,0.5489047,0.5673285,-0.03973986,0.8225317,0.5458031,-0.4880396,0.3119768,0.04475267
0.2535431,0.957927,-0.134506,-0.8272517,0.2867927,0.4831195,0.5013684,-0.01122129,0.8651608,0.5258904,-0.4667553,0.3582669,0.0668716
0.2195051,0.9663666,-0.1339885,-0.8736374,0.2558294,0.4138949,0.4342523,0.02620533,0.9004097,0.4987632,-0.4425268,0.4084978,0.08942793
0.1992709,0.9659005,-0.1653103,-0.9126874,0.2443529,0.3275569,0.3567812,0.08560404,0.9302573,0.4612294,-0.4111779,0.4612746,0.1119424
0.1819715,0.9639153,-0.1943028,-0.9466504,0.2251824,0.2305335,0.2659683,0.1419862,0.9534674,0.4146406,-0.3785801,0.5115854,0.1341198
0.1552366,0.9686962,-0.1937244,-0.9822614,0.1722376,0.07414152,0.1051872,0.1787784,0.9782501,0.3300868,-0.3363877,0.5761316,0.1674227
0.161875,0.9677026,-0.1932566,-0.9867992,0.1577705,-0.03654826,-0.004877581,0.1966216,0.980467,0.2662131,-0.3122108,0.6096298,0.1901513
0.176299,0.9610349,-0.2129101,-0.97891,0.1484955,-0.1403009,-0.1032179,0.2331547,0.966946,0.2058221,-0.284544,0.6355495,0.2127743
0.1487287,0.9602141,-0.2363655,-0.9676347,0.09203734,-0.234973,-0.2038698,0.2636626,0.9428247,0.1464723,-0.2583415,0.6489484,0.2349847
0.1028269,0.9618973,-0.2533381,-0.9459966,0.0158497,-0.323789,-0.3074363,0.272951,0.9115811,0.08798671,-0.2365294,0.6538985,0.2570553
0.06544368,0.9606184,-0.2700543,-0.9100428,-0.05355567,-0.4110401,-0.4093155,0.2726609,0.8706987,0.03802998,-0.2178449,0.6510467,0.2791543
0.02756554,0.9598284,-0.2792303,-0.8584263,-0.1203997,-0.4986065,-0.5121958,0.2534429,0.8206228,-0.00585028,-0.210793,0.6364171,0.3012714
-0.02614046,0.9607251,-0.2762681,-0.7750005,-0.194037,-0.6014349,-0.6314197,0.1983861,0.7496344,-0.05518281,-0.2159389,0.6090927,0.3349724
-0.06264775,0.9645374,-0.2564035,-0.7220131,-0.2211681,-0.6555777,-0.6890372,0.1440562,0.7102641,-0.08342905,-0.2259914,0.5887048,0.3571346
-0.1076277,0.9638419,-0.2437726,-0.6614354,-0.2524769,-0.7062286,-0.7422394,0.08522995,0.6646923,-0.1074789,-0.2401022,0.5688226,0.3796717
-0.1767638,0.9491725,-0.2604349,-0.5853339,-0.3141007,-0.7474793,-0.7912893,0.02031411,0.6111041,-0.1318276,-0.2572253,0.544664,0.4020643
-0.211078,0.9412972,-0.2634498,-0.5180157,-0.3362841,-0.786494,-0.8289183,-0.02954042,0.5585887,-0.155882,-0.2725697,0.5212951,0.4245603
-0.2097433,0.9475332,-0.241223,-0.4631513,-0.3135582,-0.8289584,-0.8611028,-0.06214578,0.5046178,-0.1814737,-0.280405,0.5010426,0.4464245

4
0.1180941,0.9639174,-0.2385733,-0.7544131,0.2433146,0.6096385,0.6456892,0.1079881,0.7559256,0.5646096,-0.4642473,0.1919898,0
0.1310274,0.9660629,-0.2226076,-0.7703177,0.2405562,0.5905449,0.6240531,0.09410096,0.7756947,0.5669934,-0.4604825,0.2099042,0.0220663
0.185555,0.9568987,-0.2234151,-0.7808621,0.2816132,0.5576277,0.5965095,0.07098574,0.7994604,0.5667548,-0.4558809,0.2379117,0.04431425
0.2222119,0.9380392,-0.2659029,-0.790572,0.3329626,0.5139377,0.5706291,0.09601232,0.8155755,0.5624823,-0.4412999,0.2819983,0.07777842
0.1730815,0.9512179,-0.2553963,-0.8196982,0.2828794,0.4980705,0.5460197,0.1231411,0.8286725,0.5556729,-0.4288347,0.3131878,0.1006326
0.1469824,0.9569094,-0.2504407,-0.8407765,0.2542384,0.4779726,0.5210479,0.140311,0.8419152,0.5472795,-0.4145438,0.3474067,0.122839
0.1515726,0.9602038,-0.234594,-0.8728969,0.2413837,0.4240106,0.4637637,0.140508,0.8747458,0.5241018,-0.3978347,0.4003201,0.1559326
0.1821638,0.9579722,-0.221598,-0.8895636,0.2565817,0.3779451,0.4189188,0.1282776,0.8989167,0.5015061,-0.3927906,0.4385922,0.1781837
0.2000516,0.961473,-0.1885448,-0.9196215,0.2506521,0.3024399,0.3380467,0.1128862,0.9343343,0.4546958,-0.3899645,0.4985146,0.2118162
0.1882814,0.9661832,-0.1761826,-0.9448279,0.227156,0.2360095,0.2680492,0.122026,0.9556457,0.4146109,-0.3836847,0.5384935,0.2341298
0.1695492,0.9729717,-0.1567775,-0.9692816,0.1933923,0.1519627,0.1781748,0.1261965,0.9758728,0.3643195,-0.3737876,0.5747852,0.2562845
0.2002256,0.9733046,-0.1121952,-0.9797496,0.1988403,-0.02351954,-0.0005827271,0.1146324,0.9934075,0.2757108,-0.3574718,0.616824,0.2900478
0.2349362,0.9682201,-0.08576218,-0.9666592,0.2234854,-0.1249985,-0.1018595,0.1122696,0.9884432,0.2168313,-0.3476695,0.6329509,0.3123116
0.1600711,0.9825825,-0.0943886,-0.9601756,0.1328072,-0.2458158,-0.2289988,0.1299777,0.9647098,0.1351977,-0.3274157,0.6419423,0.3459922
0.1093492,0.986627,-0.120872,-0.9423895,0.06422688,-0.3282938,-0.3161403,0.1498072,0.9368098,0.08357669,-0.3111214,0.640243,0.3682378
0.06670506,0.9881976,-0.1378986,-0.9027127,0.0008960681,-0.4302432,-0.4250416,0.1531823,0.892118,0.03050578,-0.2980354,0.6329006,0.3904007
0.004978016,0.988186,-0.1531786,-0.8021815,-0.08751284,-0.5906322,-0.5970594,0.1258172,0.7922686,-0.04825905,-0.2897536,0.6076303,0.4239259
-0.01756803,0.9886514,-0.1491973,-0.7323144,-0.1143193,-0.6713024,-0.6807398,0.0974658,0.7260119,-0.09223012,-0.2934535,0.5824355,0.4464669
-0.007551834,0.9911499,-0.1325334,-0.6323715,-0.1074037,-0.7671837,-0.7746283,0.07801674,0.6275858,-0.144502,-0.2977549,0.5443262,0.4795747
0.01267005,0.9904657,-0.1371761,-0.5730217,-0.1052338,-0.8127558,-0.8194422,0.08890249,0.5662249,-0.1706313,-0.3011163,0.5187871,0.5021555

5
-0.02983691,0.9941907,-0.1034152,0.2458629,-0.09298298,-0.9648347,-0.9688451,-0.05421364,-0.2416602,-0.2125571,-0.4015065,0.2450607,0
-0.03714437,0.9954126,-0.08817201,0.1609165,-0.08112362,-0.9836285,-0.9862687,-0.05072464,-0.157165,-0.2048478,-0.3846323,0.279707,0.02235909
-0.04408175,0.9913056,-0.1239751,0.06410804,-0.1210331,-0.9905762,-0.9969686,-0.05161415,-0.05821535,-0.1921186,-0.3679415,0.3189499,0.04481015
-0.04252767,0.990779,-0.1286405,-0.03828858,-0.1302788,-0.990738,-0.9983612,-0.03720835,0.04347586,-0.1748637,-0.3493355,0.3593737,0.06705095
-0.006558209,0.990484,-0.1374714,-0.240695,-0.1349962,-0.9611671,-0.9705785,0.02678513,0.2392899,-0.1332432,-0.3143474,0.4262352,0.1006888
-0.024003,0.9846287,-0.1730035,-0.3774571,-0.1691705,-0.9104437,-0.9257158,0.043448,0.3757156,-0.09562439,-0.2939422,0.4717104,0.1228701
-0.07148677,0.9776614,-0.197655,-0.5062978,-0.2063022,-0.8373183,-0.8593904,0.04021512,0.5097356,-0.04840095,-0.2792705,0.5131922,0.1454952
-0.08932812,0.9698512,-0.2267362,-0.6159056,-0.2326912,-0.7526721,-0.7827392,0.07241331,0.6181224,0.0001081926,-0.2626392,0.5500745,0.1677648
-0.08217821,0.9613692,-0.2627091,-0.7699108,-0.228622,-0.595793,-0.6328379,0.1533013,0.758956,0.08846715,-0.2361145,0.5918304,0.2014285
-0.1138861,0.9590419,-0.2593624,-0.8631239,-0.2247894,-0.4522027,-0.4919832,0.1723623,0.853372,0.1605584,-0.224692,0.6094704,0.2236055
-0.1625151,0.959674,-0.2293793,-0.9233152,-0.2298888,-0.3076372,-0.347963,0.1617937,0.9234417,0.2358924,-0.2218627,0.6169511,0.245646
-0.1552056,0.9665663,-0.2041098,-0.9675916,-0.1903984,-0.1658768,-0.1991931,0.1717499,0.964792,0.3088357,-0.2214694,0.612781,0.2680939
-0.1164167,0.9788325,-0.1683275,-0.9924443,-0.1080332,0.05816462,0.03874843,0.1738269,0.9840134,0.4174492,-0.2266944,0.5908005,0.3018182
-0.1275131,0.9843544,-0.1216023,-0.9707623,-0.0987226,0.2188027,0.2033743,0.1459472,0.9681622,0.4863657,-0.2417203,0.562076,0.3242664
-0.1679186,0.9847916,-0.04459732,-0.9321954,-0.1439101,0.3321172,0.320648,0.09734216,0.942183,0.5490717,-0.2629314,0.526509,0.3463172
-0.1486358,0.9879372,0.04344442,-0.9039795,-0.1535526,0.3990523,0.4009095,0.02004061,0.9158981,0.5980273,-0.2885213,0.4839498,0.3684762
-0.01851513,0.9974208,0.06934755,-0.8381162,-0.05330284,0.5428814,0.5451774,-0.0480697,0.8369411,0.6623197,-0.3173131,0.4138824,0.4021828
0.0187312,0.9976961,0.06520566,-0.7865422,-0.02555836,0.6170074,0.6172522,-0.06284419,0.7842512,0.6911393,-0.3352279,0.3663335,0.4245971
0.0323714,0.9981907,0.05067202,-0.7348984,-0.01058993,0.6780947,0.677404,-0.05918954,0.7332256,0.7131737,-0.3501134,0.3216486,0.4468463
0.03855943,0.9991192,0.01655447,-0.6996083,0.01516387,0.7143657,0.7134852,-0.03912714,0.6995766,0.722616,-0.3620044,0.2866787,0.4693993

6
-0.02551891,0.941981,-0.3346948,0.2408532,-0.3191478,-0.9165887,-0.9702259,-0.1040026,-0.2187347,-0.2236671,-0.4206879,0.2108034,0
-0.01891582,0.9456222,-0.3247164,0.2371705,-0.3112608,-0.9202538,-0.9712836,-0.09442044,-0.2183859,-0.2239233,-0.4097745,0.2124631,0.02247074
-0.02311788,0.9483132,-0.3164926,0.2418671,-0.3018676,-0.9221587,-0.9700339,-0.09786744,-0.222387,-0.2211325,-0.3918007,0.2210344,0.05612038
-0.04061817,0.9500263,-0.3095163,0.2447519,-0.2908744,-0.9249263,-0.9687344,-0.1133235,-0.2207059,-0.2194612,-0.3784798,0.2325626,0.0780528
-0.06416579,0.9559318,-0.2864909,0.1761058,-0.2717303,-0.9461235,-0.9822776,-0.1111614,-0.1509094,-0.2165214,-0.3529915,0.2646665,0.1116286
-0.0646667,0.9477625,-0.3123526,0.07062531,-0.3078761,-0.9488015,-0.9954042,-0.08341581,-0.04702658,-0.2078982,-0.3226007,0.3076246,0.1451311
-0.05723601,0.931083,-0.3602896,-0.009425546,-0.3613691,-0.9323752,-0.9983159,-0.04996953,0.02945928,-0.1965925,-0.3020417,0.339188,0.1677196
-0.07443196,0.9289286,-0.3627004,-0.1856465,-0.3702587,-0.9101889,-0.9797933,-0.0004130675,0.2000114,-0.1678742,-0.2703508,0.396915,0.2011053
-0.08107019,0.9389648,-0.3343243,-0.327335,-0.3419055,-0.8808818,-0.941424,0.03802275,0.3350743,-0.1363993,-0.2505195,0.439533,0.2236103
-0.09377547,0.9381425,-0.3333087,-0.5178482,-0.3318944,-0.7884665,-0.8503171,0.09866447,0.5169388,-0.07279893,-0.2223235,0.5021604,0.2569889
-0.1388668,0.9369025,-0.3208269,-0.7009339,-0.3218444,-0.636481,-0.6995769,0.1364924,0.7013999,0.01894016,-0.2031878,0.5587883,0.2903256
-0.1446049,0.9484806,-0.2819117,-0.8176224,-0.275001,-0.5058344,-0.5573,0.1573512,0.8152651,0.08991898,-0.1931886,0.5905899,0.3131277
-0.06748138,0.9633074,-0.2597789,-0.9425453,-0.1469373,-0.3000299,-0.3271921,0.2246069,0.9178761,0.2083693,-0.1810418,0.6110427,0.3463231
-0.05764785,0.9639266,-0.2598501,-0.9828311,-0.1004927,-0.1547407,-0.1752717,0.2464682,0.9531699,0.2898583,-0.1802256,0.6137689,0.3687338
-0.08413599,0.9731525,-0.2142322,-0.9922753,-0.06215423,0.1073625,0.09116457,0.2216104,0.9708641,0.4128583,-0.2002728,0.588136,0.4021126
-0.06006916,0.9925109,-0.1063672,-0.9432176,-0.02156176,0.3314753,0.3266992,0.1202388,0.9374487,0.5200154,-0.2414594,0.5366405,0.4356151
-0.02908314,0.9990941,-0.03106657,-0.9040107,-0.01302813,0.4273115,0.4265195,0.04051214,0.9035704,0.5774131,-0.2694131,0.498626,0.4579407
0.08136359,0.9964627,0.02102861,-0.8267063,0.05568734,0.5598714,0.5567197,-0.0629376,0.8283126,0.6384369,-0.3118078,0.4375818,0.4914434
0.1052029,0.9941366,0.02499608,-0.7750276,0.06621469,0.6284487,0.6231086,-0.08548723,0.777449,0.669368,-0.3344075,0.395331,0.5137933
0.06621932,0.9969214,0.04198517,-0.7124439,0.01777949,0.7015039,0.6985975,-0.07636512,0.7114277,0.7005403,-0.3613364,0.3382178,0.5473206

7
0.6622642,0.7279019,-0.1776658,0.01652818,-0.2512529,-0.9677804,-0.749088,0.6379896,-0.1784266,-0.1078552,-0.05138316,0.2645105,0
0.6701421,0.7239485,-0.1637325,-0.009426449,-0.2122756,-0.9771646,-0.7421731,0.6563821,-0.1354304,-0.1051768,-0.04916274,0.2817931,0.01116511
0.6637215,0.7345669,-0.1410161,-0.07291637,-0.1240891,-0.9895885,-0.7444173,0.6670931,-0.02879867,-0.0987246,-0.04784552,0.3177997,0.03336069
0.6375945,0.759481,-0.129081,-0.1595005,-0.03378252,-0.9866197,-0.7536793,0.6496515,0.099598,-0.08695614,-0.05307721,0.3613552,0.05541575
0.596497,0.7689938,-0.2298701,-0.3053148,-0.04746848,-0.9510679,-0.7422766,0.6374915,0.2064703,-0.06455669,-0.06377579,0.4078411,0.07819231
0.5546051,0.8025267,-0.2199183,-0.4176727,0.03989765,-0.9077212,-0.7196962,0.5952804,0.3573209,-0.03426499,-0.08299599,0.454617,0.1003087
0.5599678,0.8192533,-0.123532,-0.5125556,0.2254045,-0.8285407,-0.6509399,0.5272729,0.5461319,0.004760888,-0.1112353,0.5025616,0.1227033
0.5654936,0.816553,-0.1160101,-0.5685855,0.2840842,-0.7720147,-0.5974342,0.5025308,0.6249279,0.03057307,-0.129448,0.5249413,0.1341694
0.5488291,0.8230585,-0.1461552,-0.6822016,0.3399536,-0.6473273,-0.483102,0.4549792,0.748068,0.08823778,-0.1694666,0.5607203,0.1561215
0.5425759,0.8337488,-0.1023443,-0.7530057,0.4287598,-0.4991467,-0.3722818,0.3478906,0.8604521,0.1489681,-0.2210621,0.5858312,0.1789558
0.5724094,0.8197951,-0.01684417,-0.7846896,0.5417055,-0.3013593,-0.2379283,0.1857183,0.9533616,0.2170268,-0.2871995,0.59565,0.2009342
0.5791922,0.8135687,0.05140692,-0.8089321,0.5814005,-0.08719203,-0.1008247,0.008916309,0.994864,0.2864092,-0.3595374,0.5922919,0.2235513
0.5555602,0.8229939,0.1184647,-0.8312777,0.5466477,0.1007652,0.01817069,-0.1544581,0.987832,0.3545008,-0.4324304,0.5655246,0.2458578
0.5847943,0.7972865,0.149499,-0.7950928,0.5268533,0.3004215,0.160758,-0.2945502,0.9420173,0.4198496,-0.4957406,0.5234289,0.2681653
0.6111113,0.7786548,0.1422672,-0.7579183,0.5237902,0.3888494,0.2282612,-0.3454569,0.9102505,0.4499359,-0.5240861,0.4990107,0.2794729
0.6461181,0.7541561,0.1173883,-0.676128,0.4942103,0.5464497,0.3540937,-0.4324404,0.8292241,0.5018795,-0.574773,0.4467278,0.3015515
0.6321316,0.7680461,0.1025426,-0.6259995,0.4282073,0.6517386,0.4566557,-0.4761759,0.7514796,0.5438929,-0.6105703,0.3910644,0.3233554
0.6083622,0.7858447,0.111102,-0.6023581,0.3660275,0.7093579,0.5167786,-0.4984696,0.696037,0.5781919,-0.6338582,0.3400463,0.3461706
0.6253247,0.7741036,0.09865461,-0.5615698,0.3586066,0.7456813,0.5418561,-0.5216942,0.6589586,0.5936428,-0.6498136,0.2976416,0.3683092
0.6701313,0.739835,0.0597354,-0.4909049,0.3814104,0.783287,0.5567192,-0.5542293,0.6187835,0.5968937,-0.6666823,0.2606487,0.3903801

8
0.6736854,0.6867194,-0.2730651,0.2358781,-0.5499788,-0.8011773,-0.7003639,0.4753312,-0.5324945,-0.165259,-0.05607602,0.2061248,0
0.6533016,0.7227504,-0.2254534,0.2291389,-0.4725749,-0.8509811,-0.7215904,0.5042868,-0.4743438,-0.16897,-0.04843676,0.2258774,0.02249935
0.644283,0.7343298,-0.2136799,0.1911755,-0.4251669,-0.884695,-0.7405074,0.5291434,-0.4143135,-0.1721102,-0.04039662,0.2502564,0.04465354
0.6338075,0.7366574,-0.2358475,0.1165849,-0.3924115,-0.9123711,-0.764654,0.5507712,-0.3345964,-0.1723199,-0.03500628,0.2832743,0.06710282
0.6183805,0.74217,-0.2584362,0.02879911,-0.3500297,-0.9362958,-0.7853508,0.5715441,-0.2378252,-0.1690472,-0.03162796,0.321319,0.08959221
0.6001964,0.7679712,-0.2235723,-0.07142926,-0.2269374,-0.9712864,-0.7966567,0.5989321,-0.08135127,-0.1569393,-0.03263917,0.3682077,0.1118752
0.5998858,0.7830894,-0.1640368,-0.1862436,-0.06271712,-0.9804997,-0.7781066,0.6187386,0.1082222,-0.1364685,-0.03880845,0.4202665,0.1342951
0.6085458,0.779708,-0.1474031,-0.3035803,0.05713481,-0.9510915,-0.7331516,0.6235311,0.2714731,-0.1086757,-0.04939443,0.4705466,0.156463
0.6086868,0.7725549,-0.1807194,-0.4200001,0.1205004,-0.8994886,-0.6731275,0.6234089,0.39782,-0.07046252,-0.0699992,0.516329,0.1790452
0.6082992,0.7804736,-0.1443367,-0.5157199,0.2504261,-0.8193411,-0.6033283,0.5728415,0.5548397,-0.02656159,-0.1026614,0.5596716,0.2010918
0.6114542,0.7879074,-0.07297959,-0.6487186,0.4463435,-0.6163943,-0.4530874,0.4242399,0.7840486,0.05251003,-0.1711176,0.6207429,0.2349274
0.5680317,0.8198199,-0.07235692,-0.7465037,0.4762181,-0.4647027,-0.3465148,0.3179806,0.8825054,0.1121289,-0.2245765,0.6497763,0.2572268
0.5205489,0.8521031,-0.05430788,-0.8216538,0.4826196,-0.3032548,-0.2321943,0.2024812,0.9513605,0.1776056,-0.2853657,0.6645002,0.2795378
0.4835475,0.8750286,0.02251393,-0.8677247,0.4825747,-0.1190613,-0.1150467,0.03803586,0.9926313,0.2478035,-0.352419,0.6629145,0.3018916
0.4733907,0.8721244,0.1236939,-0.8808503,0.4683765,0.06874785,0.002021391,-0.1415003,0.9899359,0.3197154,-0.4168907,0.6428915,0.3243825
0.493559,0.8569179,0.1486313,-0.8572722,0.4505407,0.2491939,0.1465741,-0.2504093,0.95698,0.3912157,-0.4696735,0.609561,0.3463131
0.5172184,0.8497204,0.1022762,-0.7951074,0.4328458,0.4247927,0.3166851,-0.3010311,0.8994945,0.4572088,-0.5087005,0.5628613,0.3690008
0.5258909,0.8475145,0.07182157,-0.728101,0.4049228,0.5530884,0.4396679,-0.3431573,0.830021,0.5102422,-0.5402094,0.5167828,0.3913008
0.5355991,0.8404901,0.08191552,-0.6987166,0.3865874,0.6019512,0.4742663,-0.3796401,0.79432,0.5423985,-0.563247,0.4724476,0.4137205
0.5631347,0.8208053,0.0956985,-0.6675236,0.3835641,0.6381935,0.4871259,-0.4232697,0.7639049,0.5613135,-0.585045,0.4318796,0.4357709

9
0.6740043,0.7172293,-0.1769192,0.3066553,-0.4895281,-0.8162871,-0.6720717,0.4959276,-0.5498861,-0.164243,-0.08093486,0.1669439,0
0.6643744,0.7290978,-0.1643868,0.3016313,-0.4627964,-0.8335694,-0.683831,0.5042178,-0.5273887,-0.1665025,-0.0768929,0.1762021,0.01115412
0.6178923,0.7714668,-0.1518163,0.2665843,-0.3872046,-0.8826129,-0.7396902,0.5048878,-0.4449114,-0.1747438,-0.07146544,0.2064361,0.03358884
0.5945037,0.7872453,-0.1637386,0.1909014,-0.3359945,-0.9223147,-0.781103,0.5170613,-0.3500361,-0.180346,-0.06577149,0.2433987,0.0559372
0.5796596,0.7942923,-0.1819188,0.07523937,-0.2744699,-0.9586476,-0.8113775,0.5420017,-0.2188611,-0.1788453,-0.06069982,0.2900951,0.07797106
0.5694544,0.7983738,-0.1957575,-0.05240063,-0.2024007,-0.9778998,-0.8203508,0.567127,-0.07342263,-0.1679498,-0.05980611,0.339576,0.1003225
0.5565215,0.8187146,-0.1413872,-0.1560847,-0.06411929,-0.9856604,-0.8160399,0.5706095,0.09210505,-0.1480047,-0.06445843,0.3902797,0.1226047
0.5666291,0.817564,-0.1025713,-0.2593588,0.05881199,-0.9639888,-0.7820898,0.5728266,0.2453669,-0.1216828,-0.07265119,0.4393772,0.1453299
0.5800074,0.8090376,-0.09512972,-0.3800667,0.1654679,-0.9100383,-0.7205141,0.5639844,0.4034607,-0.0837927,-0.09007119,0.4891156,0.1672227
0.5833933,0.808509,-0.0772374,-0.50419,0.2859613,-0.8148735,-0.6367454,0.5143337,0.5744699,-0.03877928,-0.1147856,0.5381308,0.189544
0.5797768,0.81162,-0.07163696,-0.5598379,0.3329454,-0.7587679,-0.5919799,0.480021,0.6474095,-0.01168579,-0.1307151,0.5601947,0.2008205
0.5545809,0.827747,-0.08529331,-0.6769014,0.3891346,-0.6248029,-0.4839881,0.4042388,0.7761095,0.04827443,-0.1661364,0.5990918,0.2231241
0.5221019,0.8465893,-0.103423,-0.7845384,0.4291567,-0.4475759,-0.3345282,0.3148194,0.8882449,0.1157196,-0.2058293,0.6307724,0.245855
0.5286893,0.8436667,-0.09334901,-0.8358182,0.4982644,-0.2305222,-0.1479713,0.1998974,0.9685789,0.1923943,-0.2537351,0.6471617,0.2677999
0.5308815,0.8451051,-0.06294796,-0.8474403,0.5296886,-0.03570837,0.003165426,0.07230154,0.9973776,0.2662069,-0.3058936,0.646947,0.290253
0.5109441,0.859614,-0.0004200694,-0.8516217,0.5062599,0.1357998,0.1169481,-0.0690283,0.9907361,0.3338542,-0.3555783,0.6330187,0.3128525
0.5261288,0.8495808,0.03742694,-0.8132019,0.4897498,0.3144008,0.248779,-0.1958509,0.948552,0.3983489,-0.3974178,0.6102846,0.3350828
0.5148286,0.8560992,0.04522846,-0.7782647,0.4445942,0.4434412,0.3595212,-0.2634958,0.8951614,0.454228,-0.4305191,0.5790548,0.3573249
0.4951555,0.8657439,0.07286073,-0.7487721,0.3827089,0.5411786,0.4406375,-0.3225235,0.8377451,0.5004846,-0.4655157,0.5445529,0.3794852
0.5202504,0.8520269,0.05822258,-0.6859522,0.3762862,0.6227989,0.5087327,-0.3639491,0.7802126,0.5345221,-0.4986348,0.5012186,0.4020068

10
-0.5601866,0.7869067,-0.2587833,0.1789598,-0.1900592,-0.9653243,-0.8088042,-0.5870733,-0.03435612,-0.2105262,-0.6604952,0.2218911,0
-0.5625587,0.7906013,-0.2418209,0.1850308,-0.1646776,-0.9688368,-0.805786,-0.5897716,-0.05364487,-0.2096689,-0.6642663,0.2148158,0.02254483
-0.5713043,0.7921525,-0.2147229,0.1650915,-0.1453591,-0.9755079,-0.8039628,-0.5927606,-0.04773348,-0.2074558,-0.6646618,0.2148052,0.05007016
-0.5739595,0.7897377,-0.2165294,0.1478835,-0.16011,-0.9759588,-0.8054197,-0.5921817,-0.02489262,-0.2045906,-0.6599228,0.2230937,0.06708059
-0.5923886,0.775399,-0.2187059,0.1243208,-0.180234,-0.9757357,-0.7960026,-0.6052043,0.0103702,-0.1970612,-0.6505858,0.2406593,0.0893615
-0.6117342,0.7631027,-0.20846,0.07841772,-0.2037234,-0.975883,-0.787167,-0.6133277,0.06478375,-0.188524,-0.6363135,0.2666503,0.1117216
-0.6123525,0.7636504,-0.2046029,0.0226852,-0.2417206,-0.9700806,-0.7902589,-0.5986727,0.1306946,-0.1821008,-0.6164182,0.3008146,0.1341055
-0.5953173,0.781278,-0.1876222,-0.1087777,-0.3097259,-0.9445832,-0.7960932,-0.5419174,0.2693708,-0.1658708,-0.5730675,0.3679811,0.1675362
-0.5873011,0.7846267,-0.1985915,-0.2113798,-0.3855448,-0.8981504,-0.7812784,-0.4855061,0.392285,-0.142243,-0.5341143,0.4214589,0.1897732
-0.5969262,0.7743778,-0.2098054,-0.3150575,-0.4667519,-0.8263665,-0.7378466,-0.4271788,0.5225898,-0.105002,-0.488794,0.4760723,0.2123699
-0.6046727,0.7702569,-0.2026705,-0.417187,-0.5230579,-0.743213,-0.6784732,-0.364849,0.6376198,-0.05642589,-0.4378311,0.5251463,0.234637
-0.6017501,0.7724612,-0.2029787,-0.5190232,-0.5713705,-0.6357285,-0.6070515,-0.2771989,0.7447473,-0.004719095,-0.3787686,0.5688313,0.2570221
-0.6010229,0.7727653,-0.2039741,-0.6161932,-0.610567,-0.4975076,-0.5089962,-0.1733259,0.8431371,0.05717687,-0.3111607,0.6035717,0.2793769
-0.6214761,0.7525208,-0.2178988,-0.6808537,-0.6563839,-0.3249594,-0.3875639,-0.05359716,0.9202833,0.12697,-0.2382701,0.6267982,0.3014787
-0.6489649,0.730675,-0.2120341,-0.743326,-0.6683409,-0.02804983,-0.1622063,0.139407,0.9768593,0.2417528,-0.1291196,0.6212509,0.3350949
-0.6293297,0.7451388,-0.2207086,-0.7767886,-0.611665,0.1498847,-0.02331482,0.2657708,0.9637539,0.3085243,-0.06399227,0.5974535,0.3574882
-0.6229036,0.7431166,-0.2444768,-0.7793292,-0.5622559,0.2766118,0.06809631,0.3628303,0.9293635,0.3607329,-0.01230353,0.5598373,0.3795711
-0.6248841,0.7327608,-0.2694101,-0.7683331,-0.5159746,0.378728,0.1385081,0.4436576,0.8854282,0.4026435,0.03221003,0.5203599,0.4021468
-0.6282747,0.7137643,-0.3095344,-0.7544208,-0.4617511,0.4665138,0.1900531,0.5266178,0.8285849,0.4348428,0.06737654,0.4804233,0.4248514
-0.6708291,0.6530471,-0.3514515,-0.7121315,-0.4349448,0.5510828,0.2070207,0.6199618,0.7568285,0.4552489,0.09965577,0.4398374,0.4469243

11
-0.4248167,0.8996053,0.1011984,-0.4239132,-0.09890773,-0.900286,-0.7998925,-0.4253558,0.4233721,-0.1194908,-0.6286115,0.366264,0
-0.4578445,0.8835744,0.09836072,-0.4373409,-0.1275192,-0.890209,-0.7740228,-0.4505942,0.444807,-0.1141642,-0.6263626,0.3769845,0.02201495
-0.4566243,0.8830098,0.108572,-0.4777835,-0.1404472,-0.867178,-0.7504779,-0.4478482,0.486019,-0.1080067,-0.6191881,0.3926148,0.04438426
-0.4645243,0.8802109,0.09718981,-0.491057,-0.1646994,-0.8554164,-0.7369394,-0.4450873,0.5087405,-0.1005434,-0.6113139,0.4098016,0.06693522
-0.472941,0.8766142,0.08873795,-0.4951336,-0.1811125,-0.84973,-0.7288136,-0.4458092,0.5196965,-0.08982252,-0.6013476,0.4265244,0.08922686
-0.4768865,0.8762415,0.06913798,-0.5217628,-0.2189071,-0.824526,-0.7073488,-0.4292789,0.5615839,-0.07444703,-0.586238,0.4501921,0.1114904
-0.4904383,0.8713678,0.01373078,-0.5714763,-0.3096732,-0.7599456,-0.6579398,-0.3805532,0.6498414,-0.04672701,-0.5481579,0.4961438,0.1448595
-0.4940906,0.8692017,-0.01905486,-0.6195203,-0.3673691,-0.6937108,-0.6099747,-0.3309509,0.7200014,-0.02014816,-0.5112022,0.5298709,0.1673778
-0.5178376,0.8536524,-0.05587436,-0.6520485,-0.4361344,-0.6201773,-0.5537844,-0.2847181,0.7824694,0.008220445,-0.4714507,0.5617473,0.1898886
-0.5165737,0.8532032,-0.07208439,-0.7055147,-0.4718318,-0.528795,-0.4851813,-0.2223049,0.8456829,0.04319489,-0.4243345,0.5895547,0.211833
-0.499137,0.8608222,-0.09923406,-0.7589355,-0.4895555,-0.4293627,-0.4181854,-0.1389985,0.8976635,0.08119022,-0.3705758,0.6126188,0.2342775
-0.4678349,0.8597493,-0.204846,-0.8206633,-0.508616,-0.2604262,-0.3280891,0.04627316,0.9435125,0.1413957,-0.2729221,0.6325224,0.2681496
-0.4808318,0.8308169,-0.2802575,-0.839636,-0.5283768,-0.1258152,-0.2526108,0.1748183,0.9516438,0.1865998,-0.2042731,0.6300717,0.2900639
-0.4773107,0.8127206,-0.3341553,-0.8629127,-0.5053408,0.003520772,-0.1660009,0.2900273,0.9425111,0.2315792,-0.1422618,0.620374,0.312597
-0.4631251,0.802156,-0.3769096,-0.8818543,-0.4595684,0.105498,-0.08858973,0.381238,0.9202222,0.2720245,-0.09170707,0.5983002,0.3349262
-0.4529909,0.7883493,-0.4162988,-0.8914063,-0.4078196,0.1976817,-0.0139325,0.4606392,0.8874778,0.3104457,-0.04940249,0.5719103,0.3574046
-0.4484417,0.7638928,-0.4640773,-0.8882229,-0.322889,0.3268068,0.09979991,0.5587578,0.8233037,0.3670531,0.001156145,0.5266584,0.3908948
-0.4640717,0.7439207,-0.4808531,-0.8690868,-0.2774426,0.4095289,0.1712479,0.6079537,0.7752844,0.4014563,0.02491224,0.4924111,0.4129775
-0.4835489,0.7248527,-0.4906821,-0.843104,-0.2350128,0.4836783,0.2352789,0.6475779,0.7247663,0.4327354,0.04558859,0.4597384,0.4360616
-0.525739,0.6998587,-0.483525,-0.8025823,-0.2197421,0.5545946,0.281887,0.6796404,0.6772208,0.457057,0.05779856,0.4301556,0.458005

12
-0.05651469,0.9390205,0.3391851,-0.7014012,0.2044294,-0.6828214,-0.7105224,-0.2764941,0.6470767,-0.02343902,-0.605218,0.3733734,0
-0.09623125,0.956328,0.2760004,-0.7031964,0.1309276,-0.6988369,-0.7044533,-0.2613323,0.6598868,-0.01548201,-0.584655,0.3948945,0.02238694
-0.1037601,0.9657323,0.2378971,-0.7281742,0.08916718,-0.6795672,-0.6774922,-0.2437425,0.6939691,-0.001981323,-0.5595182,0.4201291,0.0443536
-0.08120475,0.9787322,0.1883865,-0.7528957,0.06361826,-0.6550581,-0.6531113,-0.1950289,0.7317167,0.01833826,-0.5229959,0.4480208,0.06672189
-0.0658486,0.9919274,0.1083691,-0.7670187,0.01914876,-0.6413391,-0.6382368,-0.1253524,0.7595657,0.0369761,-0.4764722,0.4771469,0.08910065
-0.06911645,0.9975963,-0.004950648,-0.7949464,-0.05807317,-0.6038938,-0.6027296,-0.03780343,0.7970492,0.06043109,-0.4184586,0.5098984,0.1116981
-0.07521036,0.9888053,-0.12887,-0.8317435,-0.1334945,-0.5388711,-0.550042,0.06665805,0.8324723,0.08741791,-0.3493708,0.5423811,0.134071
-0.06979153,0.966318,-0.2477073,-0.8726692,-0.1794442,-0.4541459,-0.4832989,0.184471,0.8557993,0.1189047,-0.2723622,0.565436,0.1562433
-0.06134679,0.9293066,-0.3641782,-0.9095883,-0.2022785,-0.3629499,-0.4109572,0.3089863,0.8576953,0.1564865,-0.1925735,0.576604,0.1784851
-0.06454021,0.8706526,-0.487646,-0.9412889,-0.2153842,-0.259971,-0.3313756,0.4422371,0.8334363,0.1977426,-0.1153273,0.5715948,0.2008174
-0.1017754,0.7578195,-0.6444777,-0.9757439,-0.2022637,-0.08374624,-0.1938189,0.6203216,0.7600229,0.2648405,-0.01178562,0.5425795,0.2344096
-0.121262,0.6880199,-0.7154887,-0.988089,-0.1524642,0.0208517,-0.09473999,0.7094948,0.6983127,0.3095797,0.04558608,0.5113324,0.2566575
-0.1454753,0.6166506,-0.7736788,-0.9893123,-0.09850011,0.1075127,-0.009909673,0.7810501,0.6243892,0.3486685,0.08958613,0.4720858,0.2791175
-0.1781204,0.5445613,-0.819589,-0.9821518,-0.04724227,0.1820607,0.06042396,0.8373892,0.5432565,0.3829663,0.1289635,0.4327534,0.3013228
-0.1868664,0.4769792,-0.85882,-0.9743433,0.02164407,0.2240234,0.1254429,0.8786478,0.4606967,0.4100946,0.1560168,0.3913105,0.3237177
-0.1979437,0.4280428,-0.881815,-0.9629875,0.08299454,0.2564512,0.1829579,0.8999394,0.3957714,0.434836,0.1776644,0.3534703,0.3458974
-0.2187658,0.3944276,-0.8925068,-0.9505621,0.1204458,0.2862248,0.2203936,0.9109991,0.3485783,0.4518405,0.1919822,0.318262,0.36841
-0.2281757,0.3311912,-0.9155591,-0.9418176,0.163299,0.2937911,0.2468108,0.9293253,0.2746607,0.4611151,0.2038415,0.2850604,0.390603
-0.241889,0.2569735,-0.9356571,-0.9346925,0.1971367,0.2957822,0.2604606,0.9460979,0.192506,0.465167,0.2133779,0.2573639,0.4130891
-0.2662181,0.1795088,-0.9470505,-0.9260153,0.22516,0.3029832,0.2676259,0.9576424,0.1062861,0.459956,0.2171062,0.2366882,0.4352872

13
0.8779152,0.1016609,0.4678998,0.3511522,-0.8010229,-0.4848244,0.3255104,0.5899386,-0.7389283,0.2352003,0.2055312,0.05161721,0
0.8484783,0.05929844,0.5258975,0.4105685,-0.7007776,-0.5833903,0.333943,0.7109108,-0.6189405,0.2207267,0.2315494,0.1029142,0.02220452
0.8356437,-0.05646156,0.5463624,0.4004183,-0.6182696,-0.6763195,0.3759851,0.7839352,-0.4940446,0.2070258,0.2427308,0.1679569,0.04461394
0.7859865,-0.07296985,0.6139224,0.5290755,-0.434349,-0.7289857,0.3198504,0.8977839,-0.3027858,0.182277,0.2439774,0.2441444,0.0668739
0.7708288,-0.09867146,0.6293543,0.6290646,-0.03796047,-0.7764257,0.1005016,0.9943954,0.0328096,0.1224753,0.2125101,0.3718084,0.1002578
0.8937464,-0.142667,0.4252809,0.4416662,0.1141462,-0.8898887,0.07841346,0.9831665,0.1650289,0.09455641,0.1637768,0.4473748,0.1228773
0.9322042,-0.1575725,0.3258317,0.360041,0.3118001,-0.8792902,0.03695766,0.9369904,0.3473939,0.07319465,0.09750475,0.5081517,0.1449855
0.918932,-0.1898084,0.3457409,0.3938028,0.4904032,-0.7774472,-0.0219864,0.8505745,0.5253941,0.05207462,0.02069035,0.5593827,0.1674143
0.9318839,-0.1754772,0.3174909,0.3357616,0.7485449,-0.5717909,-0.13732,0.6394437,0.7564752,0.02299866,-0.1134721,0.6086943,0.2011506
0.9707429,-0.03348963,0.2377753,0.1482823,0.862467,-0.4839041,-0.1888676,0.505004,0.8421993,0.01147512,-0.2003518,0.6197327,0.2233213
0.9646854,-0.06407651,0.2554928,0.1512394,0.928883,-0.3380874,-0.2156594,0.3647884,0.9057704,0.008387201,-0.2792602,0.6224701,0.2463087
0.9516613,-0.1323295,0.2771814,0.1916551,0.9610322,-0.1992119,-0.2400185,0.2427054,0.9399385,0.01212334,-0.3479576,0.6135275,0.2679964
0.9698992,-0.1109568,0.2167584,0.1240173,0.9911393,-0.04756741,-0.2095598,0.07301737,0.9750655,0.02294469,-0.4381725,0.5956953,0.3013139
0.9821066,-0.1521026,0.111048,0.1417783,0.9852676,0.09563807,-0.1239587,-0.07818256,0.9892023,0.03941404,-0.4916092,0.5803457,0.3234658
0.984488,-0.1577636,0.07677303,0.1384438,0.9673141,0.2124541,-0.1077811,-0.1985298,0.9741501,0.0506686,-0.5381861,0.563346,0.3459138
0.9884945,-0.1307198,0.07609812,0.105191,0.9556277,0.2751555,-0.1086898,-0.2639847,0.9583831,0.05371899,-0.5709527,0.5463945,0.36828
0.9923182,-0.09490187,0.07936189,0.06316771,0.9402606,0.3345444,-0.1063697,-0.3269612,0.9390321,0.05216254,-0.5942544,0.5388901,0.4023395
0.9927933,-0.1035453,0.06033223,0.07764674,0.9392626,0.3343006,-0.09128305,-0.3272066,0.9405332,0.05243359,-0.5963235,0.5379658,0.4242599
0.994894,-0.08791947,0.04956257,0.06501622,0.9339046,0.3515612,-0.07719581,-0.3465434,0.9348519,0.05030286,-0.6124813,0.5314123,0.4466159
0.9952204,-0.09266035,0.030832,0.07484399,0.9265382,0.368681,-0.0627292,-0.3646109,0.9290445,0.05083054,-0.6274413,0.5165473,0.469114

14
0.9258444,-0.3776738,0.01321972,-0.3679458,-0.9088708,-0.1963925,0.08618724,0.1769646,-0.9804361,0.2051944,-0.009857533,-0.09488723,0
0.9389213,-0.3380849,0.06422895,-0.3055242,-0.9048309,-0.2965406,0.1583719,0.2588047,-0.9528578,0.2079577,0.01696603,-0.07004405,0.02252388
0.9448772,-0.3021043,0.1262542,-0.2111632,-0.8569391,-0.470176,0.2502343,0.4175982,-0.8734953,0.2060518,0.06875087,-0.01397271,0.05589529
0.9531121,-0.2617233,0.1519161,-0.09367494,-0.7325143,-0.6742763,0.2877541,0.6284299,-0.7226846,0.1899443,0.1239575,0.06378216,0.08950329
0.9538982,-0.2085249,0.2158603,0.05412952,-0.5878983,-0.8071217,0.2952089,0.781596,-0.5495076,0.1721388,0.1555,0.1295088,0.1119025
0.9457456,-0.1922651,0.2619148,0.1993261,-0.2932633,-0.9350218,0.256582,0.9364989,-0.2390291,0.1377447,0.179273,0.2409433,0.1455585
0.944801,-0.2150979,0.2471522,0.2502671,-0.01307623,-0.9680886,0.2114655,0.9765047,0.0414775,0.101577,0.1553451,0.3527006,0.1788252
0.9490381,-0.2262184,0.2194358,0.2578647,0.1570536,-0.9533311,0.1811978,0.9613318,0.2073835,0.08038338,0.1174705,0.418323,0.2011309
0.9467274,-0.2636914,0.1848629,0.2813465,0.3979498,-0.8732013,0.1566893,0.8786936,0.4509385,0.06005186,0.04447865,0.5008303,0.2345071
0.9596332,-0.2301448,0.1616714,0.2734149,0.628584,-0.7280979,0.06594389,0.74291,0.6661349,0.04074705,-0.05033239,0.5668291,0.268134
0.9711435,-0.2264551,0.07482369,0.2279505,0.7890775,-0.5704345,0.07013607,0.5710295,0.8179278,0.03735387,-0.1513062,0.6115012,0.3016705
