0
0.07363541,0.9748253,-0.2104603,0.9744591,-0.1152222,-0.1927522,-0.2121495,-0.1908916,-0.9584117,-0.2623084,-0.4386712,-0.1184296,0
0.03620216,0.9707458,-0.2373647,0.9667118,-0.09421967,-0.2378886,-0.2532937,-0.2208512,-0.9418424,-0.2703156,-0.4424588,-0.1087625,0.02242939
0.001556784,0.9692425,-0.2461026,0.9492128,-0.0788641,-0.3045908,-0.3146311,-0.2331296,-0.9201403,-0.2825445,-0.4407209,-0.08572475,0.04466844
-0.02540411,0.979039,-0.2020823,0.923471,-0.05442924,-0.3797876,-0.3828261,-0.1962652,-0.9027315,-0.2978716,-0.4312368,-0.05344883,0.06714024
-0.02118814,0.9877191,-0.154797,0.8259463,-0.06995104,-0.559392,-0.5633505,-0.1397066,-0.8143209,-0.3263607,-0.4007089,0.03137816,0.100711
0.01373096,0.9785758,-0.205429,0.713985,-0.1534284,-0.6831437,-0.7000265,-0.137293,-0.7007952,-0.338027,-0.378495,0.111097,0.1229048
0.01764418,0.9643655,-0.2639846,0.514183,-0.2351889,-0.8248042,-0.857499,-0.1211834,-0.5000101,-0.3323469,-0.3488365,0.2176299,0.1453148
0.01512678,0.9591048,-0.2826468,0.2585915,-0.2768146,-0.9254751,-0.9658685,-0.0590906,-0.2522036,-0.3013542,-0.3115987,0.3307295,0.1677503
0.04932813,0.9574975,-0.2841923,-0.252014,-0.2634,-0.931187,-0.9664656,0.1175541,0.2283098,-0.1764514,-0.2486903,0.5035179,0.2011213
0.05614572,0.9372417,-0.3441301,-0.535778,-0.2625602,-0.8024986,-0.8424902,0.2294342,0.4874119,-0.05386544,-0.2104701,0.590327,0.2235925
0.02497137,0.9303366,-0.3658555,-0.7612259,-0.2195287,-0.6101983,-0.6480056,0.2937362,0.7027145,0.09634643,-0.1921046,0.638586,0.2458704
-0.04754166,0.9480477,-0.3145556,-0.9231857,-0.161948,-0.3485698,-0.3814024,0.2738217,0.8829235,0.2519672,-0.1930127,0.6559362,0.2681977
-0.2518447,0.9585564,-0.1332066,-0.9669973,-0.2547399,-0.004875427,-0.0386065,0.1275826,0.9910762,0.4622562,-0.2330708,0.6072253,0.3016882
-0.3043871,0.9521661,0.02698798,-0.9382444,-0.3045875,0.1640852,0.1644565,0.02462411,0.986077,0.5730687,-0.2707311,0.5440848,0.3241229
-0.2154023,0.9545847,0.2058406,-0.9084911,-0.2731939,0.3162426,0.3581145,-0.1188848,0.9260781,0.6505408,-0.3177499,0.4525118,0.3463352
-0.1176585,0.9515942,0.2839454,-0.8400329,-0.2478683,0.4826033,0.5296234,-0.181741,0.8285344,0.7089244,-0.3483419,0.3681248,0.3686718
-0.05715846,0.9759025,0.2105878,-0.7690489,-0.1775447,0.6140371,0.6366292,-0.1268549,0.760665,0.7445952,-0.3685889,0.2797107,0.4022848
-0.02094629,0.984583,0.1736595,-0.7580764,-0.128887,0.639303,0.6518294,-0.1182561,0.7490889,0.7493737,-0.3832794,0.2431215,0.4244801
0.01111778,0.9883624,0.151711,-0.7572078,-0.09077003,0.6468363,0.6530796,-0.1220681,0.7473866,0.7481266,-0.3983983,0.2191638,0.446954
0.03917449,0.9933574,0.108197,-0.7671845,-0.03947709,0.6402106,0.6402292,-0.108087,0.7605419,0.7404294,-0.4106282,0.2068522,0.4691764

1
0.2963713,0.9311817,-0.212285,0.9272417,-0.3338043,-0.1696993,-0.2288825,-0.1465455,-0.9623604,-0.3036657,-0.3573944,-0.1069053,0
0.1833836,0.9502339,-0.2518452,0.9479101,-0.2388055,-0.210804,-0.2604552,-0.2000686,-0.9445294,-0.2987188,-0.3618486,-0.09299224,0.02214503
0.06702642,0.9562171,-0.2848795,0.9349096,-0.1599188,-0.3168129,-0.3484996,-0.2451017,-0.9046953,-0.3078601,-0.3598554,-0.04623739,0.05603336
0.04276794,0.9603007,-0.275669,0.8885783,-0.162697,-0.4289036,-0.456727,-0.2266102,-0.8602605,-0.3237522,-0.3479515,0.004314188,0.0781485
0.05048782,0.9441803,-0.3255375,0.7427765,-0.2533934,-0.6197376,-0.6676332,-0.2105124,-0.7141081,-0.3473515,-0.3208508,0.1022151,0.1117369
0.05344968,0.9379039,-0.342753,0.5855008,-0.3074858,-0.7500943,-0.8089082,-0.1605899,-0.5655783,-0.3482203,-0.2961113,0.1871818,0.1339964
0.02865139,0.9318491,-0.3617131,0.2729897,-0.3554001,-0.8939617,-0.9615903,-0.07313074,-0.2645679,-0.3152493,-0.2532237,0.3294445,0.1675265
0.009066732,0.9235272,-0.383426,0.03041292,-0.383519,-0.9230322,-0.9994963,-0.003292243,-0.03156441,-0.2577285,-0.2271075,0.426805,0.1899454
-0.05421441,0.924548,-0.3771894,-0.3491136,-0.3714554,-0.8603141,-0.9355108,0.08504051,0.3429104,-0.12543,-0.1962757,0.5545107,0.2235198
-0.1486907,0.917977,-0.3677084,-0.5648185,-0.384058,-0.7303968,-0.8117087,0.09908532,0.5755963,-0.01143911,-0.1857704,0.6198235,0.2457067
-0.2962185,0.9169173,-0.267427,-0.7780303,-0.3940517,-0.489277,-0.5540067,0.06313334,0.830115,0.1843912,-0.1906379,0.6600915,0.2793715
-0.2812175,0.939707,-0.1945958,-0.8873148,-0.331852,-0.3202291,-0.3654985,0.08261369,0.9271386,0.3091797,-0.1958021,0.6521049,0.3014488
-0.3140538,0.9456372,-0.08450262,-0.9485679,-0.3162689,-0.01389594,-0.03986625,0.07579248,0.9963265,0.4877533,-0.2161348,0.5984087,0.3350566
-0.299018,0.9535162,0.03734945,-0.9392124,-0.3010017,0.1651606,0.1687256,0.01430695,0.9855593,0.5857013,-0.2436981,0.5302553,0.3573751
-0.1667316,0.9774594,0.1295138,-0.8835328,-0.2064171,0.4204305,0.4376875,-0.04433054,0.8980337,0.6927145,-0.2862849,0.4180201,0.3909103
-0.1373275,0.9635723,0.2294983,-0.8234779,-0.239823,0.5141685,0.5504775,-0.1183774,0.8264147,0.7355894,-0.3133249,0.3451644,0.4131747
-0.06288687,0.966091,0.2504269,-0.7592273,-0.2091752,0.6162953,0.6477802,-0.1513739,0.746637,0.7688845,-0.3390836,0.2695702,0.4467237
-0.04502342,0.9643841,0.2606457,-0.7332675,-0.2090968,0.6469909,0.678448,-0.1619932,0.7165658,0.7767895,-0.3482819,0.2422133,0.4690972
-0.01894652,0.9795811,0.2001553,-0.7555923,-0.1451309,0.6387623,0.6547682,-0.1391334,0.7429137,0.7650321,-0.3531353,0.2490037,0.5027175
-0.02812042,0.9887806,0.1467043,-0.7910611,-0.1117333,0.6014465,0.6110904,-0.09913922,0.7853279,0.7491225,-0.3482067,0.2780534,0.5248643

2
0.05420763,-0.9685075,0.2430115,-0.9380051,-0.1328326,-0.320159,0.3423564,-0.210591,-0.9156657,0.5247531,-0.5097232,-0.425586,0
0.08166343,-0.9668219,0.2420466,-0.9132374,-0.1698517,-0.3703345,0.3991596,-0.1908033,-0.8968086,0.550289,-0.5012461,-0.3792492,0.02239209
0.09599838,-0.9629598,0.2519779,-0.8774191,-0.2014018,-0.4353998,0.4700215,-0.1792925,-0.8642536,0.5767447,-0.4889093,-0.3218434,0.04461453
0.144443,-0.9274247,0.3449921,-0.8033872,-0.3134539,-0.506276,0.577672,-0.2040342,-0.7903576,0.6031601,-0.475951,-0.2498366,0.06704264
0.1500771,-0.8938918,0.4224149,-0.7074785,-0.3955458,-0.5856772,0.6906165,-0.2109527,-0.6917716,0.6275508,-0.4584255,-0.1630366,0.08940177
0.08686238,-0.8898497,0.447909,-0.5889553,-0.4084927,-0.6973272,0.803484,-0.2032269,-0.5595645,0.6428499,-0.4336509,-0.05460161,0.1117977
-0.04778677,-0.8765591,0.4789161,-0.3157647,-0.4416187,-0.839801,0.9476335,-0.1913562,-0.2556828,0.6381563,-0.3938437,0.1342843,0.1451255
-0.1384454,-0.8623143,0.4870799,-0.07816682,-0.4807675,-0.8733569,0.9872805,-0.1589857,-0.0008442881,0.5969778,-0.3631385,0.2760382,0.1677621
-0.2707743,-0.8718256,0.4081687,0.156375,-0.4582125,-0.8749791,0.9498569,-0.1730945,0.2604038,0.5276027,-0.3400919,0.4068511,0.1900371
-0.4112809,-0.8594745,0.3035651,0.3914108,-0.4672943,-0.7927382,0.8231924,-0.2072194,0.5285968,0.423176,-0.3258122,0.5173395,0.2123968
-0.4270516,-0.8752515,0.2270721,0.5695796,-0.4554223,-0.6842292,0.7022864,-0.1628655,0.6930143,0.3060049,-0.3026463,0.5927771,0.2347311
-0.4254091,-0.8912324,0.1572645,0.7671235,-0.4473078,-0.4598232,0.4801548,-0.07497161,0.8739741,0.1274507,-0.2624778,0.6486781,0.2682487
-0.3460979,-0.9343753,0.08461186,0.8841725,-0.355001,-0.3036664,0.3137756,-0.0302869,0.9490141,0.01028493,-0.246805,0.6565817,0.2904656
-0.248722,-0.9666305,0.06134154,0.9631613,-0.253522,-0.08970468,0.1022626,0.03677025,0.9940777,-0.1116209,-0.2439857,0.6358832,0.3127935
-0.1828574,-0.9825945,0.032731,0.9696277,-0.1747437,0.1711346,-0.1624365,0.06303005,0.984704,-0.2279544,-0.2504279,0.5976114,0.3351337
-0.08580867,-0.995656,-0.03614102,0.9297343,-0.09305981,0.3562778,-0.3580936,-0.003029881,0.933681,-0.3224918,-0.2692707,0.5419076,0.3575161
0.08826115,-0.9960969,-0.0009027871,0.8266826,0.07274422,0.5579463,-0.5557029,-0.04999127,0.8298765,-0.421304,-0.294278,0.4579671,0.391141
0.0880466,-0.9946516,-0.0540018,0.7885467,0.03647258,0.6138923,-0.6086394,-0.09663407,0.7875406,-0.4548572,-0.3101159,0.4122736,0.4132799
0.09401056,-0.9926955,-0.07561748,0.7636153,0.02316424,0.6452561,-0.6387913,-0.1184036,0.7602151,-0.4756029,-0.3205434,0.3755721,0.4356894
0.1133988,-0.9927985,-0.03862387,0.712322,0.05413886,0.6997617,-0.6926315,-0.1068648,0.7133315,-0.4899554,-0.3252388,0.3455563,0.4580125

3
0.5942551,-0.6543565,0.4676309,-0.5639377,-0.7535603,-0.3378184,0.5734416,-0.06296436,-0.8168234,0.5481108,-0.2910609,-0.1229297,0
0.4350741,-0.6471617,0.6260131,-0.5828754,-0.732358,-0.3520058,0.6862705,-0.211739,-0.6958446,0.5687282,-0.3158589,-0.04325636,0.02378118
0.2977518,-0.659378,0.6903366,-0.5530552,-0.7085667,-0.4382502,0.7781221,-0.2513044,-0.5756494,0.5776221,-0.3323421,0.05132952,0.0443805
0.1533538,-0.6371714,0.7553115,-0.4203985,-0.7337999,-0.5336694,0.8942862,-0.2356915,-0.3803968,0.5764948,-0.3329456,0.1613404,0.0667197
-0.05166934,-0.6301242,0.7747735,-0.3074773,-0.7280852,-0.6126579,0.9501516,-0.2698809,-0.1561292,0.5521983,-0.3375215,0.2817851,0.08908037
-0.266662,-0.6412846,0.7194757,-0.1766599,-0.7013364,-0.6905928,0.9474611,-0.3112573,0.07373042,0.4961851,-0.3457851,0.3961089,0.1114216
-0.4305448,-0.6710768,0.6035621,0.02817857,-0.6783836,-0.7341673,0.9021294,-0.2990843,0.3109846,0.4171215,-0.3435781,0.4947003,0.1336326
-0.5491959,-0.6836702,0.4806028,0.2048347,-0.667676,-0.7157175,0.8102016,-0.294625,0.5067243,0.3352388,-0.3396605,0.5780417,0.1561442
-0.581226,-0.729049,0.3614748,0.3798574,-0.6359242,-0.6717951,0.7196422,-0.2531559,0.6465504,0.2356205,-0.3272898,0.6274358,0.1785368
-0.4894148,-0.824529,0.2839456,0.5713936,-0.5491768,-0.6098475,0.6587734,-0.1362237,0.739906,0.1371414,-0.3094894,0.6501465,0.2009271
-0.5183714,-0.8236346,0.2300377,0.7387822,-0.5668006,-0.3646064,0.430688,-0.01905374,0.9022999,0.002523611,-0.2848628,0.6601242,0.2342166
-0.4784527,-0.8570536,0.1911604,0.8263988,-0.5130807,-0.231977,0.2968972,0.04698461,0.953753,-0.08147038,-0.2771762,0.6416159,0.2566679
-0.3919279,-0.8989081,0.1958489,0.9071118,-0.4130838,-0.08068505,0.1534303,0.146034,0.9773093,-0.1617356,-0.2716091,0.6130643,0.2792312
-0.3731685,-0.9084567,0.1882869,0.9273064,-0.3588506,0.1064413,-0.0291307,0.21432,0.9763293,-0.2367968,-0.2721,0.5713218,0.3014828
-0.2638966,-0.9487463,0.1738935,0.9425297,-0.2153427,0.2554711,-0.2049306,0.2313176,0.95105,-0.3050124,-0.2815496,0.5249749,0.3236059
-0.1675381,-0.9688077,0.1825998,0.9183055,-0.08597177,0.3864243,-0.3586724,0.2324232,0.904065,-0.3631792,-0.2965841,0.4797516,0.3460253
-0.09490769,-0.9826872,0.1591188,0.8696463,-0.004056317,0.4936586,-0.4844668,0.185229,0.8549752,-0.405457,-0.3205357,0.4363079,0.3683101
-0.009414693,-0.9937688,0.1110636,0.8025063,0.05875392,0.5937442,-0.5965699,0.09471904,0.7969526,-0.4333679,-0.3480973,0.3961234,0.3905989
0.08546249,-0.9899266,0.1128782,0.7659622,0.1377313,0.6279585,-0.6371798,0.03279354,0.7700174,-0.4448621,-0.3682419,0.3683468,0.4129887
0.1299422,-0.9833298,0.1271906,0.7581339,0.1812085,0.6264159,-0.6390215,0.01502963,0.7690424,-0.4472691,-0.3814586,0.3507006,0.4354329

4
0.8333359,0.551779,0.03303377,0.5487936,-0.8187148,-0.1689135,-0.06615777,0.1588904,-0.9850772,-0.2663916,0.03040336,-0.06165026,0
0.8110299,0.5849729,-0.006129341,0.5648475,-0.7857678,-0.2520245,-0.1522438,0.2009372,-0.9677016,-0.2792126,0.04385195,-0.04010246,0.02210006
0.7886376,0.6131153,-0.0462666,0.5536926,-0.7408895,-0.3801412,-0.267349,0.2741762,-0.9237707,-0.2944423,0.05957133,-0.005216697,0.04446686
0.7297529,0.6836936,0.004859523,0.5523444,-0.5853361,-0.5935462,-0.4029593,0.4358262,-0.8047852,-0.3047744,0.08673406,0.06815313,0.0780412
0.7161161,0.6972535,-0.03186504,0.47958,-0.5246974,-0.703346,-0.50713,0.4883955,-0.7101331,-0.3064442,0.09740181,0.1281478,0.100294
0.7184531,0.6825745,-0.1338559,0.3351395,-0.5083212,-0.7932788,-0.6095138,0.5250731,-0.5939626,-0.2996673,0.1010318,0.2030556,0.1226312
0.652719,0.7470633,-0.1259148,0.1230493,-0.2685353,-0.9553784,-0.7475407,0.6080998,-0.2672037,-0.2695495,0.09642482,0.3412426,0.1561419
0.6395269,0.7624625,-0.0982666,-0.05320177,-0.08362231,-0.9950764,-0.7669258,0.6416059,-0.01291434,-0.2223823,0.07946073,0.4461988,0.1787859
0.577517,0.7797779,-0.2417038,-0.4009083,0.01298338,-0.9160262,-0.7111589,0.6259218,0.3201176,-0.11397,0.03029739,0.5866922,0.2119883
0.5390045,0.8100045,-0.2310131,-0.589985,0.1673203,-0.789887,-0.601159,0.5620469,0.568077,-0.01517346,-0.03022192,0.6582521,0.2342562
0.4966783,0.8498489,-0.1762596,-0.7333714,0.3023165,-0.6089097,-0.4641951,0.4316959,0.773409,0.09448475,-0.1095391,0.6997582,0.256717
0.3724886,0.9198891,-0.1227042,-0.8975408,0.3234693,-0.2996465,-0.2359505,0.221747,0.9461266,0.2538897,-0.2428973,0.7036344,0.2900578
0.3041425,0.9522554,-0.02658951,-0.9484411,0.3000748,-0.1020509,-0.08919971,0.05625661,0.9944238,0.3468286,-0.3375123,0.6640753,0.3126758
0.4187833,0.9000872,0.1202646,-0.8964289,0.3886131,0.2130612,0.1450372,-0.1970351,0.9696089,0.4650935,-0.4645084,0.5684495,0.3459147
0.4823583,0.8716731,0.08669996,-0.8287388,0.4220448,0.367519,0.283765,-0.2491273,0.9259662,0.5295014,-0.5219806,0.5001265,0.3683241
0.4812179,0.8738554,0.06932747,-0.7850177,0.394398,0.4776999,0.3900981,-0.284301,0.8757833,0.5713918,-0.5718226,0.4221434,0.3906117
0.5233399,0.8488522,0.07460201,-0.6885347,0.3696668,0.6239122,0.5020313,-0.3778841,0.7779256,0.6088804,-0.6345651,0.3074318,0.4243693
0.5544578,0.8279463,0.08415296,-0.6529936,0.3701361,0.6607561,0.5159223,-0.4213126,0.7458686,0.611332,-0.6638661,0.2534033,0.4464665
0.5937861,0.7991812,0.09342178,-0.6179416,0.3785752,0.6890782,0.5153312,-0.4668943,0.71864,0.5951161,-0.7017578,0.2026493,0.4800255
0.6397757,0.7684766,0.01144126,-0.5692208,0.463783,0.678891,0.5164056,-0.4408505,0.7341501,0.5814836,-0.7041697,0.1970383,0.5022191

5
0.8438696,0.5235201,-0.1175207,0.420632,-0.781472,-0.4608365,-0.3330964,0.3394528,-0.8796698,-0.2618464,-0.006629148,0.1217261,0
0.7937223,0.5886199,-0.1533999,0.414018,-0.7075324,-0.5727015,-0.445639,0.3910556,-0.8052834,-0.2740525,0.009913604,0.1501325,0.02217697
0.7312782,0.6390971,-0.2383007,0.327747,-0.635641,-0.698958,-0.5981758,0.4330304,-0.6742926,-0.285535,0.02400004,0.1980052,0.04468556
0.7397061,0.6214337,-0.2581765,0.2241008,-0.589248,-0.7762511,-0.6345187,0.51634,-0.5751341,-0.2648807,0.03885419,0.2707562,0.07807799
0.7028155,0.6514171,-0.2858431,0.1338403,-0.5157295,-0.8462328,-0.6986684,0.5564881,-0.4496485,-0.2428512,0.04485876,0.3310456,0.1004384
0.6303979,0.6907518,-0.3542043,-0.00932299,-0.4495188,-0.8932222,-0.7762163,0.5663875,-0.2769357,-0.2154524,0.03593982,0.3978376,0.1227188
0.5393591,0.7370661,-0.4072165,-0.2168409,-0.3457089,-0.9129432,-0.813678,0.5807053,-0.02663531,-0.1464062,0.001843204,0.4994679,0.1563021
0.5108241,0.7802442,-0.3609403,-0.3616965,-0.1858242,-0.9135892,-0.7798943,0.5972342,0.1872882,-0.0852292,-0.02536646,0.5653775,0.1786595
0.3991756,0.8423156,-0.362165,-0.6327103,-0.03281676,-0.7736929,-0.6635787,0.5379848,0.5198423,0.035802,-0.08964148,0.6517513,0.2123199
0.2790785,0.9013716,-0.3311262,-0.8021304,0.02924768,-0.5964321,-0.5279223,0.4320577,0.7311799,0.1324478,-0.1553306,0.6849582,0.2345038
0.2520807,0.9299361,-0.2677201,-0.8874434,0.1118335,-0.4471436,-0.385875,0.3503027,0.8534567,0.2275406,-0.2240496,0.6874219,0.2567998
0.2094061,0.9716093,-0.1101106,-0.967685,0.1897378,-0.1660882,-0.1404807,0.1413323,0.9799441,0.3593362,-0.3352767,0.6535743,0.2904891
0.2228651,0.9748003,0.009775544,-0.9736017,0.2220615,0.05280427,0.0493029,-0.0212857,0.998557,0.4397838,-0.4105869,0.6056998,0.31272
0.2722642,0.9510496,0.1462081,-0.918471,0.2115689,0.3341401,0.2868508,-0.2252622,0.9311143,0.5345948,-0.514143,0.5006748,0.3461342
0.3163106,0.9248747,0.2110791,-0.86623,0.1908711,0.4617508,0.3867727,-0.3288997,0.8615289,0.5742391,-0.5716867,0.4229312,0.3685618
0.3647169,0.8880549,0.2798932,-0.8166498,0.1606853,0.5543135,0.447286,-0.4307421,0.7838345,0.6012824,-0.621201,0.3423564,0.3907456
0.4420463,0.8478349,0.2928671,-0.7244548,0.1449282,0.6739146,0.5289236,-0.5100704,0.6782832,0.6203369,-0.6778415,0.236933,0.4243077
0.4861724,0.8355096,0.2560474,-0.6629537,0.1617514,0.7309779,0.5693231,-0.5251288,0.6325434,0.626874,-0.6986031,0.1854623,0.4466382
0.5360635,0.8185628,0.2063757,-0.6144394,0.2106974,0.7603098,0.5788784,-0.5343797,0.6159044,0.6142948,-0.721121,0.1382954,0.4802478
0.5758043,0.8009629,0.1640365,-0.5826827,0.2612809,0.769554,0.5735245,-0.5386936,0.6171539,0.6040468,-0.7323813,0.1182043,0.502563

6
0.8744671,-0.4840497,-0.03167042,-0.2598914,-0.4123818,-0.8731537,0.4095896,0.7717752,-0.4864147,0.4652033,0.07931259,0.1375028,0
0.8341483,-0.5428774,0.09736938,-0.1864362,-0.4436859,-0.8765754,0.5190743,0.7130408,-0.4713118,0.4773255,0.05956447,0.1529784,0.02208652
0.7533938,-0.6170893,0.2271538,-0.1091372,-0.4579968,-0.8822291,0.6484497,0.639875,-0.4123993,0.4853095,0.03513115,0.186201,0.04454836
0.6789255,-0.6582152,0.3252892,-0.02326511,-0.4621122,-0.8865162,0.7338386,0.5943105,-0.3290532,0.4810841,0.01614675,0.2349209,0.0667662
0.667742,-0.6872859,0.2859351,0.08354566,-0.3124981,-0.9462374,0.7396897,0.655731,-0.1512483,0.4415542,-0.003259844,0.3344036,0.1004614
0.674715,-0.6921049,0.2564188,0.203266,-0.1597378,-0.9660057,0.709537,0.7038996,0.03290389,0.3966152,-0.02579299,0.4108857,0.1226468
0.680068,-0.6913235,0.2440891,0.3579739,0.02256469,-0.9334589,0.6398143,0.7221929,0.2628213,0.3333238,-0.06709132,0.4860604,0.1450621
0.6799232,-0.7001696,0.2178695,0.5395817,0.2765314,-0.7952245,0.4965443,0.6582499,0.5658189,0.2292012,-0.1593114,0.5676835,0.1785547
0.6217362,-0.7393091,0.2585851,0.7027351,0.3807778,-0.6009756,0.3458433,0.555365,0.7562819,0.1599273,-0.2274235,0.60536,0.2009062
0.5794073,-0.7894828,0.2024955,0.7636473,0.4390254,-0.4733917,0.2848338,0.4289216,0.8572609,0.1014368,-0.2956823,0.6248976,0.2234
0.5538686,-0.8270224,0.09624765,0.8157834,0.515922,-0.2613848,0.1665147,0.2232901,0.9604241,0.01907905,-0.3966079,0.6329248,0.2566593
0.4671304,-0.8840573,-0.01522768,0.8831133,0.4673421,-0.0412585,0.04359143,0.005825344,0.9990326,-0.03538073,-0.4760675,0.6142862,0.2790774
0.4439841,-0.8870457,-0.1266018,0.8912134,0.4225275,0.1649523,-0.09282751,-0.1860654,0.9781425,-0.09192669,-0.5544142,0.5782714,0.3014871
0.5921039,-0.7976757,-0.1145705,0.7851467,0.5389954,0.3050061,-0.181543,-0.2705498,0.9454338,-0.143079,-0.6153421,0.5254421,0.3237476
0.701365,-0.7048343,-0.1062813,0.635096,0.550222,0.5421335,-0.3236361,-0.4477323,0.8335441,-0.2109743,-0.6889342,0.4334611,0.3572004
0.7037197,-0.6955201,-0.1450188,0.5912923,0.4601755,0.6622778,-0.3938934,-0.5518063,0.7350904,-0.2414542,-0.7203297,0.3749633,0.3796196
0.7398993,-0.6621326,-0.1188684,0.5221624,0.4538649,0.7220479,-0.4241412,-0.5963112,0.681555,-0.2631918,-0.7394361,0.3306867,0.4018632
0.7548594,-0.6364269,-0.1585814,0.5135887,0.423172,0.7464261,-0.4079385,-0.6448924,0.6462971,-0.2698416,-0.7528372,0.2896312,0.4353379
0.770757,-0.6113908,-0.1792624,0.4986115,0.4036634,0.7671,-0.3966363,-0.6806299,0.6159729,-0.2726595,-0.7552348,0.272532,0.4577407
0.8110296,-0.5742221,-0.1118045,0.4370026,0.4676186,0.7683499,-0.3889216,-0.6720133,0.6301891,-0.2757654,-0.7506622,0.2661152,0.4801819

7
0.5755327,-0.8059687,0.1384794,-0.8149791,-0.5792789,0.01564469,0.06760911,-0.1218619,-0.9902417,0.4282761,-0.03923067,-0.07983661,0
0.5533988,-0.818507,0.1542602,-0.8281382,-0.5605149,-0.003207779,0.08909071,-0.1259735,-0.9880252,0.4368041,-0.04848865,-0.07374985,0.02214554
0.635185,-0.7331602,0.2429328,-0.69911,-0.6794625,-0.222657,0.3283068,-0.02840827,-0.944144,0.4737974,-0.04211325,-0.02986834,0.05585835
0.5763921,-0.7558404,0.3106089,-0.6596068,-0.6547086,-0.3691558,0.4823809,0.007898841,-0.8759262,0.4988575,-0.0325408,0.02091927,0.07808003
0.5555326,-0.7668687,0.3213973,-0.5177897,-0.621492,-0.5879131,0.6505978,0.1601888,-0.7423356,0.51687,-0.01439571,0.1228018,0.1115524
0.5675146,-0.7621285,0.3115891,-0.3502426,-0.5659442,-0.7463495,0.745156,0.3144324,-0.5881113,0.5160778,-0.0008784003,0.2074042,0.1340413
0.487976,-0.8272079,0.2785802,-0.1605873,-0.3987931,-0.9028711,0.8579577,0.3958429,-0.3274404,0.4899336,-0.01871638,0.3440358,0.1674394
0.4102191,-0.8703001,0.2725766,0.01332318,-0.2931313,-0.9559793,0.9118898,0.3957925,-0.1086529,0.4596073,-0.04946293,0.4342284,0.1899945
0.2720226,-0.9297557,0.248109,0.3854099,-0.1309839,-0.9134015,0.8817386,0.3440895,0.3227065,0.3757482,-0.1211853,0.5638937,0.2235323
0.2374864,-0.9626582,0.1299594,0.5287559,0.01587837,-0.8486255,0.8148728,0.2702538,0.5127823,0.3010038,-0.1789478,0.6270605,0.2456545
0.3570677,-0.9340262,-0.009880051,0.6589803,0.2593891,-0.7060182,0.6620024,0.2455856,0.7081245,0.174705,-0.2613722,0.6778224,0.279062
0.4390191,-0.8984621,-0.005323535,0.7538369,0.3715612,-0.5419152,0.4888684,0.233898,0.8404163,0.0794832,-0.318345,0.6857086,0.3015975
0.4829988,-0.8723215,-0.07594299,0.8322753,0.484309,-0.2697456,0.2720847,0.06708138,0.9599324,-0.04665802,-0.4218293,0.6648538,0.3350349
0.5716632,-0.8153259,-0.09189723,0.8161646,0.5765558,-0.03819205,0.08412291,-0.05317025,0.9950359,-0.1237452,-0.4944803,0.62943,0.3574139
0.7206923,-0.6912854,-0.05222375,0.6777613,0.6867455,0.2627169,-0.145748,-0.2247333,0.9634588,-0.2237788,-0.5873515,0.5506242,0.3909203
0.7402915,-0.6722773,0.003438036,0.6084204,0.6721319,0.4219756,-0.2859955,-0.3102932,0.9066008,-0.2732363,-0.6270574,0.4935647,0.4133936
0.729812,-0.6804584,0.06596207,0.547649,0.6396551,0.539372,-0.4092131,-0.357516,0.8394802,-0.3161513,-0.6618682,0.4217368,0.4467168
0.7657476,-0.6406037,0.05707495,0.5024965,0.6513186,0.568578,-0.4014072,-0.4067075,0.8206468,-0.3241165,-0.6779299,0.3837678,0.4689589
0.7735279,-0.6161872,0.1482154,0.4071746,0.6624023,0.6288337,-0.4856577,-0.4260708,0.7632826,-0.339633,-0.681134,0.34102,0.5025606
0.7541937,-0.6028091,0.2604096,0.3226757,0.6856076,0.6525506,-0.5719023,-0.4081217,0.7115929,-0.3517555,-0.6758108,0.3160731,0.5249872

8
0.8059258,-0.5709344,-0.156581,-0.4834044,-0.7873212,0.3826815,-0.3417656,-0.232721,-0.9105148,0.2251954,-0.005860532,-0.2044692,0
0.8710855,-0.4625989,-0.1649613,-0.4107628,-0.8703395,0.2716309,-0.2692286,-0.1688538,-0.9481585,0.2310806,0.01457299,-0.1842591,0.02230394
0.9413932,-0.3017928,-0.1506662,-0.3187944,-0.9419853,-0.105043,-0.1102243,0.1469183,-0.9829884,0.2405076,0.08286576,-0.1344749,0.05589182
0.990263,-0.1391899,-0.002365273,-0.1204037,-0.8478329,-0.5164132,0.06987397,0.5116696,-0.8563364,0.2492961,0.1593272,-0.04720819,0.08957525
0.9826127,-0.1312994,0.1312737,-0.009063534,-0.7401156,-0.6724185,0.1854459,0.6595372,-0.7284372,0.2544442,0.1951446,0.02709633,0.1117277
0.9689581,-0.2022233,0.1422183,0.01375655,-0.5302645,-0.8477206,0.2468423,0.8233621,-0.5110223,0.2432796,0.218805,0.1614374,0.1451536
0.9315041,-0.2587061,0.2556786,0.2155813,-0.1734794,-0.9609526,0.2929591,0.9502507,-0.1058245,0.2285395,0.2052421,0.3187314,0.178707
0.9130427,-0.3278615,0.2426115,0.2792272,0.06888542,-0.9577511,0.2972973,0.9422111,0.1544433,0.2151306,0.1736811,0.4207,0.201014
0.9550313,-0.2925014,0.04855945,0.1675654,0.3973228,-0.9022506,0.2446159,0.8698147,0.4284689,0.1826652,0.07210658,0.5381557,0.2346402
0.9510123,-0.2958862,0.08959442,0.2749304,0.6769068,-0.6827959,0.1413829,0.6739796,0.7250948,0.1444766,-0.06560628,0.6213568,0.2681261
0.9657444,-0.2594463,0.005091974,0.2247946,0.8266342,-0.5158907,0.1296366,0.4993632,0.8566394,0.1177155,-0.2071225,0.6520594,0.3016389
0.9717048,-0.2344384,0.02878516,0.2298344,0.9103737,-0.3440867,0.05446182,0.3409666,0.9384966,0.0966062,-0.3013137,0.6613457,0.3239531
0.9836879,-0.1798253,0.004587978,0.179655,0.9808306,-0.07546862,0.00907103,0.07506189,0.9971377,0.07820552,-0.4377314,0.6493944,0.3575065
0.9822782,-0.1659457,-0.08712986,0.1731975,0.9813371,0.08354561,0.07163976,-0.09715572,0.9926875,0.07834202,-0.5432997,0.6140642,0.3911133
0.9832273,-0.1637811,-0.08024964,0.1763947,0.9657767,0.1901583,0.04635886,-0.2011243,0.9784682,0.07398545,-0.6036732,0.5855736,0.4132228
0.9732242,-0.203639,-0.1066117,0.2266052,0.9277656,0.2964811,0.03853563,-0.3127012,0.9490697,0.06403078,-0.6628016,0.5441667,0.446943
0.9606661,-0.2218796,-0.1670044,0.269849,0.8878685,0.3726539,0.06559372,-0.4030618,0.9128191,0.05907338,-0.6999186,0.5167416,0.480361
0.9711639,-0.1776994,-0.1589456,0.2271244,0.8922916,0.390167,0.07249331,-0.4150164,0.9069214,0.05493299,-0.7115077,0.5050792,0.5026537
0.9798338,-0.1617295,-0.1173436,0.1949891,0.9022049,0.3847148,0.04364824,-0.3998371,0.9155464,0.05689405,-0.7083267,0.4905958,0.5361764
0.9440269,-0.2831066,-0.169305,0.3247369,0.8877791,0.3261814,0.05796139,-0.3629033,0.9300226,0.06471144,-0.6944438,0.4725977,0.5697104

9
0.8982856,-0.2893788,-0.3306706,-0.3543349,-0.9220757,-0.1556377,-0.259865,0.2569752,-0.9308243,0.2508041,0.04493341,-0.2116418,0
0.9358195,-0.1994637,-0.2906132,-0.2607571,-0.9465164,-0.1900324,-0.2371656,0.2536155,-0.9377801,0.2482672,0.06551042,-0.1963764,0.02226741
0.9479157,-0.1835152,-0.2603416,-0.2312503,-0.9585777,-0.1662898,-0.219041,0.2178328,-0.9510888,0.2412892,0.09523263,-0.1704084,0.05569203
0.9702963,-0.1254138,-0.2068739,-0.1736609,-0.95643,-0.2346985,-0.168426,0.263653,-0.9498,0.234927,0.1373006,-0.1346877,0.08934072
0.9997821,-0.003528493,-0.02057318,-0.01237355,-0.893954,-0.4479879,-0.01681073,0.4481449,-0.8938029,0.2367344,0.1957652,-0.07915241,0.122842
0.989262,0.01390846,0.1454908,0.1056791,-0.7557133,-0.6463197,0.1009601,0.6547548,-0.7490683,0.235905,0.2543037,0.01081656,0.1563783
0.9741391,0.01708825,0.2253025,0.196883,-0.5534379,-0.8092858,0.1108617,0.8327151,-0.5424899,0.2209517,0.29171,0.1252994,0.1897712
0.9796904,-0.04274937,0.1959064,0.161926,-0.4075772,-0.8986995,0.1182658,0.9121695,-0.3923773,0.2114307,0.2935815,0.2118281,0.2122054
0.9786388,-0.1049124,0.1768041,0.1629102,-0.1288501,-0.9781911,0.1254056,0.9860989,-0.1090064,0.1994475,0.2633655,0.341274,0.2455992
0.9698443,-0.1660874,0.1783737,0.2086236,0.1873343,-0.9598865,0.1260096,0.9681533,0.216335,0.1862456,0.1984861,0.4652558,0.2792856
0.9764549,-0.1996089,0.08180698,0.1592256,0.4110337,-0.897607,0.1455449,0.8894985,0.4331388,0.174467,0.09257792,0.5552534,0.3126929
0.9677359,-0.2429722,0.06672118,0.2119794,0.6419488,-0.7368625,0.1362056,0.7272319,0.672742,0.1584787,-0.03999598,0.6224922,0.3461359
0.9768196,-0.2127202,0.02396071,0.1891508,0.8052967,-0.5618889,0.1002297,0.5533962,0.8268659,0.1377965,-0.1760021,0.6624227,0.3796522
0.9831982,-0.1824279,-0.006456266,0.1701213,0.9285479,-0.3299353,0.06618441,0.3232934,0.9439816,0.1188643,-0.3241928,0.6664236,0.4131568
0.9818897,-0.1858956,-0.03654914,0.178027,0.9713188,-0.157626,0.06480277,0.1482647,0.9868224,0.1109119,-0.4259042,0.6522358,0.4356764
0.9768519,-0.1752084,-0.1227301,0.182183,0.9820906,0.04803405,0.1121161,-0.06928139,0.9912771,0.1132387,-0.5536298,0.6086987,0.4690328
0.9694712,-0.1418757,-0.1999925,0.184082,0.9599131,0.2113772,0.1619861,-0.2417392,0.956725,0.1141978,-0.6468603,0.565056,0.5025458
0.9547694,-0.1715188,-0.2428933,0.247466,0.9112265,0.3292823,0.1648526,-0.3744963,0.9124562,0.1081704,-0.7100623,0.5199087,0.5362359
0.9285616,-0.2072287,-0.3079445,0.3100969,0.8890605,0.3367661,0.2039936,-0.4082006,0.8898085,0.1081603,-0.7360261,0.4878898,0.569486
0.9327391,-0.176596,-0.3143434,0.2835465,0.8978015,0.3369775,0.2227092,-0.4034429,0.8874878,0.1030076,-0.7448367,0.4715063,0.6031553

10
0.4405954,0.8880166,-0.1315378,-0.8838445,0.45476,0.1095998,0.1571446,0.06796976,0.9852338,0.2142781,-0.402727,-0.1818583,0
0.4216869,0.8994002,-0.1151503,-0.8905668,0.434691,0.1339195,0.170502,0.04607689,0.9842795,0.2198108,-0.4104854,-0.1760338,0.022423
0.4053536,0.9105033,-0.0816821,-0.8981403,0.4133114,0.1500586,0.170389,0.0125352,0.9852972,0.2259419,-0.4269176,-0.1627138,0.05577966
0.4447195,0.8859552,-0.1315607,-0.876043,0.4608373,0.1420476,0.1864759,0.05208156,0.9810783,0.2343908,-0.4341468,-0.1401048,0.08935425
0.4743339,0.8738651,-0.1066164,-0.8711284,0.4833916,0.08641539,0.1270528,0.0518868,0.990538,0.2382753,-0.4423544,-0.1095753,0.122865
0.4749127,0.8730453,-0.1106798,-0.8728763,0.483317,0.06701836,0.1120035,0.064782,0.991594,0.2466877,-0.4449058,-0.08220503,0.1452044
0.448842,0.8828284,-0.1384017,-0.8926581,0.4501043,-0.02382571,0.04126118,0.1342396,0.9900897,0.2678257,-0.4302666,-0.02673996,0.1784558
0.4504601,0.8864632,-0.1061544,-0.8917677,0.4410428,-0.1011506,-0.0428476,0.1402293,0.9891914,0.2829807,-0.4095578,0.04311763,0.211977
0.357422,0.9305991,-0.07896271,-0.9199652,0.3362389,-0.2015132,-0.1609777,0.1446683,0.9762979,0.2833838,-0.3875252,0.1289956,0.2457514
0.3718009,0.9241745,-0.08755384,-0.8985247,0.3345657,-0.2841115,-0.2332762,0.1843023,0.9547855,0.2734517,-0.3479599,0.223831,0.2790605
0.298792,0.9454975,-0.1294518,-0.9087428,0.2404738,-0.3411136,-0.2913924,0.2195604,0.9310657,0.2613433,-0.3168882,0.2896392,0.3015139
0.219639,0.9647229,-0.1451493,-0.913792,0.1513303,-0.3769394,-0.3416766,0.2154269,0.9147941,0.2299236,-0.2759156,0.3844028,0.335123
0.2688941,0.9614353,-0.05777685,-0.8765288,0.2194007,-0.4284395,-0.3992406,0.1658479,0.9017212,0.1857902,-0.240698,0.4677027,0.3686486
0.2247346,0.9637667,-0.1436948,-0.8789289,0.1368286,-0.4569047,-0.4206881,0.2289799,0.8778325,0.1446287,-0.188662,0.544054,0.4020711
0.137473,0.9731669,-0.1845191,-0.9205444,0.05675768,-0.3864925,-0.365649,0.2229903,0.9036461,0.1119309,-0.1430316,0.6089385,0.4357162
0.1675693,0.9727759,-0.1600869,-0.9276102,0.1005855,-0.3597525,-0.3338562,0.2087818,0.9192119,0.08620163,-0.1181603,0.6410601,0.4577578
0.1535031,0.9808182,-0.1201349,-0.9191564,0.09709581,-0.3817378,-0.3627507,0.1690207,0.9164299,0.03189515,-0.0987639,0.6712538,0.4913239
0.1132879,0.9901094,-0.08275945,-0.9252928,0.07479382,-0.3718053,-0.361938,0.1186977,0.9246144,-0.007050199,-0.0893052,0.6806156,0.5249721
0.04205304,0.9940578,-0.1004027,-0.9418303,0.005902912,-0.3360369,-0.3334475,0.1086938,0.936482,-0.02306189,-0.08482838,0.6758643,0.5585877
0.03335252,0.9895673,-0.1401572,-0.9297572,-0.02072668,-0.3675893,-0.3666593,0.1425721,0.9193661,-0.04008661,-0.07513383,0.6699822,0.5919369

11
0.2905944,0.8959555,-0.3358848,-0.9273061,0.3502522,0.1320106,0.23592,0.2731065,0.9326064,0.1887584,-0.5003704,-0.1928916,0
0.3585627,0.8649718,-0.3510793,-0.8853552,0.4343277,0.1658486,0.2959377,0.2513627,0.9215409,0.1571258,-0.5076153,-0.2226805,0.03352273
0.3482269,0.9004878,-0.260499,-0.8634595,0.416305,0.2848293,0.3649324,0.1257451,0.9225035,0.1279351,-0.529497,-0.2428599,0.07903811
0.4007421,0.8667691,-0.2968451,-0.8071676,0.4872975,0.3331991,0.4334585,0.1060769,0.8949087,0.1192142,-0.5341684,-0.2496368,0.1118376
0.4255671,0.861707,-0.2763218,-0.7982457,0.5013019,0.3339165,0.4262588,0.07846894,0.9011916,0.1121863,-0.5394614,-0.2353116,0.1566833
0.4522589,0.8430701,-0.2910231,-0.7995989,0.5278177,0.2864436,0.3950994,0.103155,0.9128284,0.120333,-0.5357922,-0.2110028,0.1900328
0.458479,0.8396413,-0.2912034,-0.8298745,0.5217301,0.1977523,0.3179706,0.150997,0.9359992,0.1427608,-0.5295178,-0.1516824,0.2346346
0.4637482,0.8327447,-0.3024467,-0.8407741,0.5212922,0.1461278,0.2793503,0.1865228,0.9418985,0.1671505,-0.5219861,-0.09436131,0.268121
0.478544,0.810504,-0.3377557,-0.8547405,0.5180592,0.03214809,0.2010337,0.2733092,0.9406847,0.1886543,-0.4977812,-0.0009045952,0.3130253
0.4625734,0.829411,-0.3132147,-0.8698971,0.4928157,0.02029171,0.1711872,0.2630782,0.9494657,0.2171764,-0.4718132,0.07572132,0.3463326
0.4839133,0.8069025,-0.3387274,-0.8735142,0.4687843,-0.1312024,0.0529225,0.3593738,0.9316919,0.2333091,-0.412219,0.1866764,0.3910623
0.4189674,0.8655127,-0.2745077,-0.9061664,0.3793443,-0.1869772,-0.05769828,0.3270871,0.9432313,0.2286264,-0.3520451,0.2992801,0.4358483
0.3837185,0.8943053,-0.23017,-0.9085466,0.3210112,-0.2673852,-0.1652369,0.3117209,0.935696,0.2069903,-0.3084117,0.3762384,0.4693828
0.3337013,0.9319609,-0.1417476,-0.8985681,0.2690112,-0.3467106,-0.284989,0.2430677,0.9271998,0.1647785,-0.2569623,0.4705438,0.5139184
0.3211628,0.939789,-0.1168381,-0.8852575,0.2540961,-0.3895565,-0.3364129,0.2285429,0.9135615,0.1264137,-0.2170832,0.5346689,0.547436
0.2575565,0.9607532,-0.1030435,-0.9044979,0.2022026,-0.3754966,-0.3399239,0.1899143,0.9210778,0.07911076,-0.1692717,0.6054959,0.5921729
0.2308353,0.969027,-0.08776083,-0.9096427,0.1829125,-0.3729518,-0.3453478,0.1659215,0.923691,0.04670682,-0.1435523,0.6409745,0.625635
0.202226,0.9782245,-0.04670411,-0.9219726,0.1740817,-0.3459217,-0.3302588,0.1130143,0.9371002,0.01210662,-0.1308368,0.6576694,0.6703826
0.1054959,0.9927844,-0.05700529,-0.9347066,0.07943238,-0.3464309,-0.3394032,0.08983024,0.9363419,-0.01054599,-0.1296594,0.6590729,0.7039761
0.1137997,0.9892483,-0.09185435,-0.9146756,0.06822976,-0.3983881,-0.3878376,0.1293534,0.9126059,-0.04176797,-0.121055,0.6562166,0.7486154

12
0.3964403,0.8805488,-0.2597477,-0.9003354,0.4282287,0.07756398,0.1795303,0.2031106,0.9625565,0.2157872,-0.4969736,-0.1588802,0
0.4527996,0.8706175,-0.1923482,-0.8620095,0.4825855,0.1550829,0.2278423,0.0955845,0.9689952,0.2074684,-0.5085788,-0.163534,0.03345068
0.4315494,0.8878996,-0.1593718,-0.8829306,0.4519575,0.1271537,0.1849291,0.08584119,0.9789958,0.1987844,-0.5097227,-0.158075,0.06712491
0.4480875,0.8778564,-0.1690734,-0.8761874,0.4687932,0.1119308,0.1775196,0.09798519,0.9792271,0.1975328,-0.505003,-0.1439269,0.1004782
0.4506339,0.8728796,-0.1871106,-0.8782213,0.471081,0.08252205,0.160176,0.1271373,0.9788666,0.1988863,-0.4986771,-0.1171127,0.1341078
0.442539,0.880082,-0.1720899,-0.8890132,0.4557197,0.04444008,0.1175357,0.1333237,0.9840782,0.2050173,-0.4918348,-0.0781386,0.1675421
0.4596499,0.861858,-0.2142968,-0.8815108,0.4720976,0.007908516,0.1079849,0.1852698,0.9767366,0.2156134,-0.4763139,-0.02453147,0.2011333
0.4742868,0.8512539,-0.2245416,-0.8742918,0.4853544,-0.006703381,0.103276,0.1994943,0.9744415,0.2281771,-0.4589529,0.03476049,0.2345824
0.4761326,0.8613762,-0.177,-0.876258,0.4816638,-0.01311408,0.07395834,0.1613418,0.9841236,0.2408816,-0.4362912,0.1042951,0.2683147
0.3672386,0.9129599,-0.1778776,-0.925291,0.3391106,-0.1698253,-0.09472346,0.226955,0.969288,0.2396549,-0.3976456,0.1769888,0.3014963
0.3556397,0.9237171,-0.142363,-0.9251626,0.3263139,-0.19389,-0.1326445,0.2006639,0.9706386,0.236724,-0.3437927,0.2824388,0.3462812
0.2475147,0.9665421,-0.06732696,-0.9505112,0.2287657,-0.2102249,-0.1877891,0.1160288,0.9753321,0.227287,-0.3182001,0.3573141,0.3798446
0.2456313,0.9674234,-0.06129556,-0.9296389,0.2171776,-0.2976665,-0.2746576,0.130099,0.9527001,0.2088335,-0.2881513,0.4281078,0.4134391
0.1609941,0.9859588,-0.04434042,-0.9465411,0.1415212,-0.2898823,-0.2795369,0.08863926,0.9560346,0.1969254,-0.2656418,0.488242,0.446864
0.0984863,0.9949895,0.01721304,-0.9631747,0.09965738,-0.2497255,-0.2501897,0.008015394,0.9681636,0.1881771,-0.2550262,0.5411434,0.4804151
0.1349124,0.9906666,0.01945182,-0.9650065,0.1358223,-0.2243098,-0.2248582,0.01149108,0.9743238,0.185979,-0.2361396,0.5860015,0.5139319
0.06441493,0.9970309,0.04219105,-0.9844607,0.07041037,-0.1608713,-0.1633644,-0.03117295,0.9860732,0.2032048,-0.2203885,0.6129417,0.5475183
-0.07300162,0.9928707,0.09422684,-0.996918,-0.06992356,-0.03556938,-0.02872718,-0.09653296,0.9949151,0.2554183,-0.2143743,0.6164072,0.5808723
-0.1676886,0.9750876,0.1452056,-0.9808742,-0.1797893,0.07457664,0.09882512,-0.1299228,0.9865869,0.3233244,-0.2171371,0.5924222,0.6144118
-0.2592907,0.9523559,0.1605819,-0.9493954,-0.2818531,0.1385901,0.1772476,-0.1165205,0.9772443,0.3828416,-0.2143394,0.5588628,0.6479455

