0
0.1332608,0.9864777,-0.09541236,0.9824687,-0.1441531,-0.1182167,-0.1303722,-0.07798609,-0.9883934,-0.2716343,-0.4008027,-0.1288363,0
0.1617628,0.9770873,-0.1383226,0.9557322,-0.1900294,-0.2246438,-0.2457821,-0.09586041,-0.9645734,-0.2972786,-0.3943832,-0.0872584,0.01075786
0.1762406,0.9658219,-0.1900714,0.9090508,-0.2337637,-0.3449363,-0.3775788,-0.1119928,-0.9191799,-0.3197415,-0.3867598,-0.03639047,0.02228577
0.132131,0.9555224,-0.2636637,0.7494097,-0.2703989,-0.6043756,-0.6487889,-0.1177354,-0.7518057,-0.3489436,-0.3649437,0.08321953,0.0439977
0.09376024,0.9585876,-0.2689216,0.6274748,-0.2666083,-0.7315705,-0.7729711,-0.1001494,-0.6264869,-0.3541247,-0.3491676,0.1497664,0.05522541
0.09354375,0.9488816,-0.3014521,0.3259452,-0.3152813,-0.8912674,-0.9407493,-0.01488437,-0.3387759,-0.3397623,-0.3145249,0.3013254,0.07798383
0.1001998,0.9284403,-0.357713,0.130625,-0.3686859,-0.9203303,-0.9863555,0.04549068,-0.1582197,-0.3108918,-0.2899474,0.3834185,0.08883034
0.07700441,0.9056589,-0.4169561,-0.08050261,-0.4111848,-0.9079905,-0.9937755,0.1034853,0.04124483,-0.2592994,-0.2633776,0.4616207,0.1001475
-0.03436634,0.9109922,-0.4109895,-0.4662833,-0.3783466,-0.7996462,-0.8839679,0.1641566,0.4377827,-0.1163867,-0.2300056,0.5950748,0.1230247
-0.09376008,0.9228209,-0.3736451,-0.6179253,-0.3482034,-0.7049275,-0.7806263,0.1647906,0.602882,-0.02647206,-0.2204695,0.6384883,0.1341201
-0.2486445,0.8988473,-0.3609009,-0.7860806,-0.404957,-0.4669981,-0.5659094,0.1675807,0.8072568,0.1502991,-0.2155262,0.6824746,0.1562216
-0.3407823,0.8805423,-0.3294127,-0.8244985,-0.4482788,-0.3453234,-0.4517406,0.1539202,0.8787713,0.2401931,-0.2213277,0.6738508,0.1676425
-0.3936904,0.887253,-0.2403955,-0.8656256,-0.4458338,-0.2278695,-0.3093543,0.1183825,0.9435494,0.3258421,-0.2316526,0.6539065,0.1789688
-0.3939546,0.9190558,-0.0116741,-0.9190806,-0.3940333,-0.005361801,-0.009527799,0.008617118,0.9999174,0.4790732,-0.2642164,0.5874476,0.2007806
-0.3863844,0.9180753,0.08857138,-0.9139453,-0.3940242,0.09720531,0.1241412,-0.04339077,0.9913154,0.5486876,-0.2758562,0.5537515,0.2121282
-0.3624556,0.8999131,0.2424508,-0.874567,-0.4183184,0.2452399,0.3221162,-0.1231508,0.9386561,0.6542083,-0.299585,0.4577041,0.2343866
-0.3120902,0.9139869,0.2592834,-0.8584823,-0.3882054,0.335119,0.4069495,-0.1180028,0.9057966,0.6970314,-0.3093138,0.4056533,0.2456621
-0.2722024,0.9292991,0.2496177,-0.8326896,-0.3574932,0.4228789,0.4822176,-0.09274545,0.8711283,0.7324286,-0.3236564,0.349356,0.2570513
-0.187821,0.9469913,0.2606351,-0.7463569,-0.310104,0.5888861,0.6384941,-0.08392165,0.7650375,0.7931386,-0.3442617,0.2320461,0.2788439
-0.1241614,0.957554,0.2601432,-0.6908846,-0.2716073,0.670006,0.7122236,-0.09653995,0.6952824,0.8109993,-0.3556005,0.169817,0.2899288

1
0.2223013,0.9749137,0.01120953,0.9677225,-0.2220326,0.1192254,0.1187232,-0.01565635,-0.9928039,-0.2191082,-0.3341854,-0.2192478,0
0.1949274,0.9808141,-0.002638352,0.9787261,-0.1943355,0.06579193,0.06401687,-0.01540694,-0.9978299,-0.229876,-0.3363923,-0.206331,0.01100236
0.119852,0.9923519,-0.02954816,0.9900926,-0.1216663,-0.07009962,-0.07315853,-0.02085378,-0.9971023,-0.2588543,-0.3396651,-0.1745161,0.03367673
0.08378173,0.9951354,-0.05182723,0.9626728,-0.0942628,-0.2537235,-0.2573747,-0.02863525,-0.9658874,-0.2983359,-0.339619,-0.1217107,0.05564467
0.09156195,0.9921093,-0.08564822,0.8837307,-0.1205971,-0.4521907,-0.4589515,-0.03428652,-0.8877996,-0.3358325,-0.3358189,-0.04568601,0.08259591
0.1504541,0.9791442,-0.1365299,0.7453576,-0.2030717,-0.6349836,-0.6494659,-0.006227739,-0.7603655,-0.3654525,-0.3253886,0.05100127,0.1000366
0.1804725,0.968169,-0.173431,0.6356618,-0.2493627,-0.7305835,-0.7505758,0.02160679,-0.6604311,-0.3713671,-0.3166741,0.1144833,0.1113466
0.1646349,0.9580138,-0.2347446,0.325725,-0.2774461,-0.9038402,-0.9310204,0.07234144,-0.3577264,-0.3548661,-0.2883668,0.2585477,0.1340401
0.1355223,0.9563158,-0.2590248,-0.04265049,-0.2555634,-0.9658511,-0.9898559,0.1419419,0.006152831,-0.2906501,-0.2591282,0.4071536,0.1561904
0.1344836,0.9230767,-0.3603382,-0.4032701,-0.2811823,-0.87081,-0.905145,0.2624232,0.3344348,-0.1604253,-0.2298107,0.5332083,0.1785294
0.05145634,0.8997283,-0.4334066,-0.6831137,-0.2848639,-0.6724644,-0.7284973,0.3306685,0.5999587,0.01033327,-0.2063496,0.6039094,0.2011268
0.04094454,0.9123521,-0.4073538,-0.7999327,-0.2143563,-0.560499,-0.5986913,0.3488049,0.7210435,0.1058307,-0.2037245,0.6180736,0.2121228
0.08021511,0.9181934,-0.3879258,-0.9548526,-0.04089976,-0.2942509,-0.2860453,0.3940154,0.8734587,0.2896388,-0.1985805,0.6163335,0.2345016
0.01248346,0.9081143,-0.4185362,-0.9997356,0.01941904,0.01231576,0.01931167,0.4182718,0.9081167,0.4679304,-0.2093405,0.5712085,0.2571585
-0.2020455,0.9412141,-0.270728,-0.9425915,-0.1118316,0.3146665,0.2658924,0.318763,0.9097755,0.6138656,-0.2533559,0.4630431,0.2790207
-0.2353934,0.9716947,-0.01999294,-0.8367849,-0.1921625,0.5127038,0.4943494,0.137417,0.8583331,0.7223364,-0.3081574,0.3434629,0.3011417
-0.18436,0.97772,0.1003755,-0.7929457,-0.2083015,0.5725803,0.5807313,0.02596874,0.8136811,0.7490579,-0.3465271,0.2781562,0.3126709
-0.07609956,0.9697904,0.2317659,-0.7104647,-0.2158275,0.66982,0.6996064,-0.1136885,0.7054262,0.7935809,-0.3885517,0.1588411,0.3357596
-0.0514066,0.9738017,0.2215118,-0.6101664,-0.2062178,0.7649648,0.7906039,-0.09583484,0.604782,0.8098432,-0.3976161,0.05541897,0.3570051
-0.06628014,0.9779044,0.1982673,-0.498456,-0.2045844,0.8424292,0.8643776,-0.04299121,0.5010023,0.8122204,-0.4017355,-0.03626215,0.3797556

2
0.1890624,0.8999978,-0.3927588,-0.2026034,0.4271184,0.8812047,0.9608367,-0.08702839,0.2630946,0.7643908,-0.4664142,-0.1316122,0
0.2409017,0.9150447,-0.3235112,-0.2891553,0.3858579,0.8760725,0.9264748,-0.1175024,0.3575439,0.7692258,-0.4646616,-0.08964942,0.01135085
0.2377138,0.9662023,-0.09972525,-0.4626569,0.202901,0.8630062,0.854073,-0.1590099,0.4952526,0.7742226,-0.4602676,-0.003695073,0.03336248
0.2032382,0.9758656,-0.07987895,-0.4887033,0.1717953,0.8553687,0.8484476,-0.1348065,0.5118241,0.7821432,-0.4418823,0.08870957,0.05581278
0.2177906,0.9561187,-0.1959704,-0.5231692,0.2838722,0.8035612,0.8239303,-0.0724824,0.5620365,0.7684997,-0.4116758,0.2001031,0.07803518
0.2141836,0.9592973,-0.1840498,-0.6132899,0.2787227,0.7390462,0.7602637,-0.04541556,0.6480251,0.7473025,-0.3987809,0.2650883,0.08920744
0.1619158,0.9755451,-0.1486442,-0.7698186,0.2191125,0.599474,0.6173837,0.01736476,0.7864705,0.6719327,-0.3702452,0.3994332,0.1116227
0.141348,0.9811167,-0.132026,-0.8802137,0.185588,0.4367847,0.4530392,0.05447245,0.8898249,0.5709899,-0.3442067,0.5230767,0.1340043
0.1413636,0.9820082,-0.1252058,-0.9687529,0.1632618,0.1867177,0.2037995,0.09489853,0.9744024,0.4289212,-0.3141408,0.6277953,0.1565841
0.1436719,0.981903,-0.1233899,-0.9882752,0.1488672,0.03392321,0.05167809,0.1170693,0.9917783,0.3419887,-0.2964187,0.6670987,0.1673612
0.09042604,0.9890541,-0.1165991,-0.9565278,0.05365768,-0.2866629,-0.2772688,0.1374522,0.9509097,0.1545912,-0.2641268,0.7107609,0.1899446
-0.03934126,0.9902922,-0.1333185,-0.7882584,-0.1127536,-0.6049259,-0.6140856,0.0812909,0.785042,-0.04004911,-0.2590003,0.6811643,0.2121943
-0.1812609,0.9613884,-0.2070674,-0.5086697,-0.2718554,-0.8169149,-0.841665,-0.04274576,0.5383059,-0.1978641,-0.2866102,0.5948245,0.2343104
-0.2277854,0.9418321,-0.2471156,-0.355488,-0.3167078,-0.8793887,-0.9064999,-0.1124653,0.4069514,-0.2625998,-0.3018241,0.5518901,0.245798
-0.2150779,0.9321478,-0.2912763,-0.09161689,-0.3161996,-0.9442585,-0.97229,-0.1764033,0.153408,-0.3562044,-0.3266701,0.432526,0.2679284
-0.1821704,0.9186309,-0.3506154,0.1535857,-0.325621,-0.9329429,-0.9711981,-0.2238041,-0.08177001,-0.4079942,-0.3524124,0.315292,0.2902221
-0.1133321,0.9105661,-0.3975239,0.3568635,-0.3360964,-0.8716007,-0.9272564,-0.2406421,-0.2868572,-0.4280581,-0.3597852,0.2181672,0.3126476
-0.06672874,0.9145879,-0.3988439,0.4355918,-0.3329278,-0.8363128,-0.8976676,-0.2295392,-0.3761711,-0.4397354,-0.3594877,0.1737671,0.3239302
0.02756407,0.9409397,-0.3374502,0.5371147,-0.2986478,-0.788871,-0.8430588,-0.1595049,-0.5136245,-0.4357005,-0.3465135,0.1063371,0.3459569
0.06877465,0.957389,-0.2804931,0.6197428,-0.261328,-0.740018,-0.7817858,-0.1229391,-0.6113076,-0.4287573,-0.3383643,0.05573229,0.368411

3
0.2219572,0.9743298,-0.03763707,-0.3711438,0.1201167,0.9207737,0.9016581,-0.1904036,0.3882773,0.7413405,-0.5058873,-0.1253608,0
0.2509307,0.9664275,-0.05524102,-0.3516037,0.1441651,0.9249819,0.9018918,-0.2126833,0.3759749,0.7485241,-0.504484,-0.1131486,0.01126092
0.2626891,0.9644833,-0.02768478,-0.3633557,0.1254632,0.923164,0.8938497,-0.2324456,0.3834083,0.7616333,-0.5016495,-0.07843353,0.03376717
0.2352045,0.9713511,0.03399592,-0.4420736,0.07576364,0.8937733,0.8655921,-0.2252482,0.4472286,0.7691176,-0.4945708,-0.01992713,0.0558815
0.1988783,0.9792365,0.03928755,-0.5095835,0.06908489,0.8576434,0.8371214,-0.1905869,0.5127422,0.7706147,-0.4824248,0.05741184,0.07832772
0.1665357,0.9859497,-0.01300618,-0.6079644,0.1130575,0.7858737,0.7763023,-0.1229687,0.6182504,0.7492642,-0.463242,0.1648558,0.1009277
0.1584513,0.9871598,-0.02021905,-0.6613847,0.1213206,0.7401701,0.7331191,-0.1039083,0.6721157,0.733085,-0.4558742,0.2185577,0.1119743
0.1295026,0.9911851,-0.02795251,-0.7838032,0.1195926,0.6093853,0.6073564,-0.0570076,0.7923815,0.6711,-0.435919,0.3430452,0.1342905
0.1065027,0.9919645,-0.06829129,-0.892319,0.1256527,0.4335645,0.4386615,0.01476188,0.8985311,0.5859384,-0.4059154,0.4665287,0.1563483
0.1275549,0.9824064,-0.1364087,-0.9807376,0.1454424,0.1303851,0.1479307,0.1171499,0.9820349,0.429577,-0.3640892,0.5805813,0.1784123
0.141535,0.9783214,-0.1511794,-0.9766853,0.113102,-0.1824657,-0.1614114,0.1734799,0.97152,0.2680778,-0.3232282,0.6534026,0.2011161
0.1124408,0.98359,-0.141095,-0.9298006,0.05406606,-0.3640713,-0.3504685,0.1721267,0.9206218,0.1641682,-0.3035885,0.6535774,0.2123563
0.05310926,0.981817,-0.1822497,-0.7528566,-0.08053357,-0.6532393,-0.6560388,0.171901,0.7348903,-0.0140635,-0.275724,0.6414248,0.235369
0.007117094,0.9704403,-0.2412363,-0.4730529,-0.2092738,-0.8558186,-0.8810053,0.1202084,0.4575803,-0.1647935,-0.2684193,0.5599867,0.2566381
-0.02798618,0.963906,-0.264768,-0.173566,-0.2655343,-0.9483494,-0.9844245,0.01941406,0.1747326,-0.2716753,-0.282564,0.4650708,0.2792601
-0.06267052,0.9542398,-0.2924018,0.07399118,-0.2877291,-0.9548495,-0.995288,-0.08147605,-0.05257322,-0.3397435,-0.2976079,0.3609086,0.3016739
-0.07736535,0.9395287,-0.3336173,0.1886978,-0.3147739,-0.9302208,-0.9789831,-0.1349197,-0.1529344,-0.3629853,-0.3060459,0.3114184,0.312724
-0.07477128,0.9215914,-0.3808918,0.3999701,-0.3221743,-0.8580372,-0.9134731,-0.2165019,-0.3445197,-0.3850807,-0.3161966,0.2254923,0.3349985
-0.05059521,0.9352642,-0.3503159,0.5409415,-0.269195,-0.7968165,-0.8395371,-0.2298155,-0.4923033,-0.400318,-0.3145168,0.1561562,0.3575086
-0.00622014,0.9612262,-0.2756909,0.6108756,-0.2146209,-0.7620819,-0.7917021,-0.173153,-0.5858546,-0.4036069,-0.3014144,0.1036109,0.3798738

4
0.8829243,0.405452,-0.2367564,0.2668212,-0.848211,-0.4575419,-0.3863309,0.3408032,-0.8570892,-0.2020523,0.07250401,0.05598136,0
0.8848773,0.3793573,-0.2703336,0.2250606,-0.8562722,-0.4649147,-0.407848,0.350551,-0.8430742,-0.2056446,0.06777584,0.06354257,0.01107518
0.821943,0.4774451,-0.3105735,0.2183955,-0.7677887,-0.6023319,-0.5260352,0.4272547,-0.7353504,-0.2171244,0.0621881,0.09755375,0.03392583
0.8057249,0.4905863,-0.331862,0.1760277,-0.7333285,-0.6566915,-0.5655277,0.4706958,-0.6772178,-0.2195069,0.06193107,0.1245241,0.04505594
0.775103,0.5266863,-0.3490232,0.09842969,-0.6463058,-0.7567039,-0.6241212,0.5521691,-0.552795,-0.2179212,0.05767248,0.1825852,0.06703537
0.7654243,0.5237281,-0.3739448,-0.05306652,-0.5277399,-0.8477469,-0.6413345,0.6687298,-0.3761525,-0.1879838,0.05342069,0.2751005,0.08948746
0.7539654,0.5155745,-0.4070862,-0.1481232,-0.4703072,-0.8699832,-0.6399967,0.7162362,-0.2782268,-0.1694309,0.04694106,0.321854,0.1004035
0.7061179,0.5245605,-0.4756404,-0.3606965,-0.3115779,-0.8791003,-0.6093404,0.7923102,-0.03080356,-0.1058374,0.01596427,0.4275998,0.1231254
0.6566092,0.579973,-0.482178,-0.5647705,-0.04564664,-0.8239847,-0.4998987,0.8133557,0.2975797,-0.02065931,-0.04277471,0.5379425,0.1451743
0.611133,0.6470847,-0.4558485,-0.677052,0.1290244,-0.7245368,-0.410021,0.7514215,0.5169609,0.03595903,-0.09878018,0.5897464,0.1562523
0.5425346,0.7800062,-0.3118442,-0.8132061,0.3946086,-0.4277617,-0.2106003,0.4856692,0.8483945,0.1507235,-0.2281684,0.6722805,0.1786205
0.5408068,0.8385352,-0.06623223,-0.8408138,0.5411299,-0.01451314,0.02367044,0.06353776,0.9976987,0.2737574,-0.3928571,0.6925477,0.2011363
0.6348425,0.7709135,0.05164603,-0.760711,0.6119404,0.2164433,0.1352548,-0.1766951,0.9749283,0.3340705,-0.4789168,0.6683496,0.2125622
0.7720607,0.633406,0.05214725,-0.5279774,0.5935466,0.6074064,0.353783,-0.4964869,0.7926781,0.4403354,-0.6009308,0.5646795,0.2342688
0.657334,0.7274358,0.1968486,-0.564257,0.301946,0.7684028,0.4995259,-0.6161704,0.6089402,0.5222777,-0.6800092,0.4502046,0.257167
0.6434321,0.7439177,0.1805046,-0.502126,0.2321698,0.8330467,0.5778103,-0.6266449,0.5229259,0.5414037,-0.7033968,0.3868535,0.268118
0.6358566,0.755594,0.1573665,-0.4204829,0.1681616,0.8915806,0.6472099,-0.6330872,0.424641,0.5666379,-0.7454118,0.2813576,0.2905006
0.6756141,0.6982691,0.2365719,-0.4266014,0.1085535,0.897902,0.6012962,-0.7075567,0.3712229,0.569152,-0.7775222,0.1868799,0.3127227
0.7511521,0.6371856,0.1725254,-0.3454973,0.1567754,0.9252314,0.5624964,-0.7545965,0.3379081,0.5575572,-0.7894259,0.1511664,0.3242064
0.8292211,0.5579945,0.032166,-0.1742877,0.203466,0.9634447,0.5310521,-0.8045146,0.26597,0.5425161,-0.8056747,0.09164669,0.3461314

5
0.8095982,0.5041216,-0.3006865,0.2950879,-0.7923648,-0.5339301,-0.5074192,0.3435398,-0.7902572,-0.2546975,0.06097681,0.02828801,0
0.7903991,0.5286027,-0.3095939,0.2832651,-0.7634821,-0.580393,-0.5431666,0.3710451,-0.7531903,-0.2537855,0.06246458,0.04345382,0.01089864
0.7423514,0.6125783,-0.271408,0.2676608,-0.6424918,-0.7180264,-0.6142249,0.4603826,-0.6409178,-0.2484774,0.06620553,0.09550817,0.0339593
0.746196,0.6288993,-0.2183511,0.2508365,-0.5694197,-0.7828424,-0.6166625,0.5293834,-0.5826497,-0.239423,0.07048983,0.1291822,0.04522379
0.7794794,0.5983541,-0.1854305,0.1203558,-0.4335475,-0.8930573,-0.6147574,0.6738019,-0.4099567,-0.2113576,0.07690799,0.2127583,0.06680722
0.7809693,0.5599227,-0.2767195,-0.04832133,-0.3875609,-0.9205768,-0.6226976,0.7323136,-0.2756169,-0.1877116,0.07078551,0.2730805,0.07818055
0.7067787,0.58593,-0.3964213,-0.2923363,-0.2683799,-0.9178844,-0.6442075,0.7646295,-0.01839657,-0.1336745,0.03679973,0.3851875,0.1005606
0.6616579,0.6282582,-0.4092683,-0.394092,-0.1729719,-0.9026475,-0.6378875,0.7585331,0.1331433,-0.1013897,0.01173852,0.4423046,0.1114393
0.559804,0.780854,-0.2772843,-0.6005865,0.1518053,-0.7850167,-0.5708902,0.6059887,0.5539516,-0.005842533,-0.1009462,0.5572203,0.1344384
0.5201143,0.8318262,-0.1937686,-0.6913998,0.2768627,-0.667318,-0.5014454,0.4810533,0.7191247,0.0460558,-0.1623795,0.6037751,0.1452305
0.4553285,0.8903165,-0.003531528,-0.8516634,0.4343973,-0.2932038,-0.2595101,0.1365117,0.9560435,0.1760372,-0.3245206,0.6545258,0.167332
0.4162132,0.9062638,0.07384187,-0.9031706,0.4214454,-0.08165156,-0.1051181,-0.03270736,0.9939218,0.2552532,-0.4149094,0.652034,0.1786188
0.3777495,0.8919672,0.2483945,-0.907915,0.3042007,0.2883611,0.1816468,-0.3344494,0.9247421,0.4061258,-0.5700877,0.6015514,0.2011531
0.3855434,0.8615195,0.3303643,-0.8642387,0.2117693,0.456339,0.3231839,-0.461452,0.8262047,0.4774325,-0.6359196,0.5800833,0.2119212
0.5467477,0.7958917,0.2600448,-0.5944363,0.1502412,0.7899829,0.5896714,-0.5865014,0.5552511,0.5855966,-0.6984414,0.3362456,0.2344755
0.5404139,0.7739768,0.3300199,-0.5438495,0.02203193,0.8388938,0.6420133,-0.6328307,0.4328333,0.6179262,-0.7326857,0.2574867,0.2453821
0.5797413,0.6606964,0.4768443,-0.5314724,-0.136964,0.8359295,0.6176059,-0.7380524,0.2717383,0.6154026,-0.7816404,0.09462638,0.2678042
0.6636877,0.6220168,0.4154682,-0.4402177,-0.124255,0.8892519,0.6047537,-0.773082,0.1913563,0.608615,-0.7984387,0.01703695,0.2791796
0.7729742,0.5768613,0.2640868,-0.2637748,-0.08636349,0.9607102,0.5770039,-0.8122637,0.08540473,0.5879652,-0.8172043,-0.1118018,0.3013287
0.8002052,0.5708895,0.1837308,-0.1868876,-0.05373195,0.9809108,0.569864,-0.8192667,0.06369564,0.5728363,-0.8192446,-0.1609686,0.3124524

6
0.7934916,-0.465333,-0.3922198,-0.5860373,-0.4104539,-0.6986332,0.1641088,0.784215,-0.5983941,0.4382922,0.1137555,0.06455935,0
0.8070071,-0.4640129,-0.365283,-0.5584629,-0.3985591,-0.7275094,0.1919869,0.7911022,-0.5807739,0.4415213,0.1108979,0.07139727,0.01164875
0.8265427,-0.4770248,-0.2987884,-0.5009505,-0.3813675,-0.7769218,0.2566628,0.7918372,-0.5541823,0.4477133,0.1013367,0.08930364,0.03391638
0.8412513,-0.5155806,-0.1627046,-0.4061598,-0.4040641,-0.8196135,0.3568337,0.755585,-0.5493277,0.4560469,0.08561867,0.1109929,0.05645329
0.8064086,-0.5911021,0.01742095,-0.3040272,-0.4396755,-0.8451348,0.5072205,0.6762276,-0.5342693,0.4637117,0.06329609,0.1459972,0.07841381
0.7399531,-0.6276372,0.2419523,-0.1365088,-0.4923258,-0.8596398,0.6586613,0.6030646,-0.449976,0.4642515,0.03588045,0.1996877,0.1014451
0.6067272,-0.7192084,0.338558,-0.02243999,-0.441234,-0.8971115,0.7945934,0.5367047,-0.2838476,0.4448974,0.00211148,0.284051,0.1230206
0.5047609,-0.7936928,0.3395119,0.1984664,-0.2760613,-0.9404262,0.8401356,0.542072,0.01817637,0.3945201,-0.02962557,0.3965892,0.1452885
0.5040045,-0.833955,0.2247187,0.4763445,0.05135908,-0.8777575,0.7204689,0.5494372,0.4231351,0.2988863,-0.0834168,0.5233128,0.1675413
0.5900545,-0.8036841,0.07699236,0.661631,0.4266926,-0.6165857,0.462688,0.4147596,0.7835141,0.1757616,-0.174681,0.6315548,0.189915
0.7849206,-0.6191802,0.02271163,0.6174954,0.7787165,-0.1109061,0.05098494,0.1010767,0.9935715,0.006904675,-0.3394045,0.6507146,0.2122516
0.83125,-0.5283591,0.1728017,0.4034188,0.7872241,0.4664029,-0.3824619,-0.3179859,0.8675299,-0.1195074,-0.5271992,0.571014,0.2344694
0.9070697,-0.3989943,0.1342681,0.2169772,0.7164112,0.6630805,-0.3607566,-0.5723273,0.7364076,-0.1612716,-0.6519812,0.4679835,0.2574271
0.9080347,-0.1698909,0.3828968,-0.1079131,0.7883412,0.6057004,-0.4047563,-0.5913166,0.6975077,-0.1998345,-0.7331241,0.376118,0.2792859
0.838717,-0.1803119,0.51385,-0.2452629,0.7173993,0.6520616,-0.4862101,-0.6729234,0.5574712,-0.2040127,-0.7818092,0.2740914,0.301654
0.8259072,-0.2436655,0.5084334,-0.32009,0.5397184,0.7786182,-0.4641333,-0.8058109,0.3677624,-0.1905975,-0.8251302,0.1648617,0.3246842
0.7644184,-0.3006072,0.5703507,-0.3920906,0.4854915,0.7813852,-0.5117906,-0.8209345,0.2532533,-0.1900155,-0.830618,0.07613447,0.3461001
0.6968228,-0.3568651,0.6221617,-0.4113912,0.5117028,0.7542663,-0.5875334,-0.7815418,0.2097551,-0.2075206,-0.8187017,0.03279809,0.3682747
0.6803512,-0.3716713,0.6316507,-0.4038991,0.5290235,0.7463241,-0.6115453,-0.7628857,0.2098041,-0.2160384,-0.7986934,0.02843694,0.39098
0.6236208,-0.3795643,0.6833946,-0.4216861,0.5727761,0.7029285,-0.6582387,-0.7265387,0.1971382,-0.2161775,-0.7774599,0.03074594,0.4137788

7
0.6396082,-0.5582439,-0.5284554,-0.761871,-0.5518072,-0.3392074,-0.1022453,0.6195748,-0.77825,0.3660952,0.08301415,-0.02042098,0
0.6316827,-0.5919665,-0.5005524,-0.7700975,-0.5533192,-0.3174708,-0.0890332,0.5860149,-0.8053941,0.3693279,0.07616659,-0.02773346,0.01088765
0.6289051,-0.634266,-0.4496499,-0.7774439,-0.5187664,-0.3556157,-0.007708414,0.5732261,-0.819361,0.3799121,0.06259327,-0.02290923,0.03328174
0.6423835,-0.6849101,-0.3438627,-0.7518796,-0.4763508,-0.4558148,0.1483929,0.5513512,-0.8209698,0.398052,0.04844232,-0.003989758,0.05543133
0.6786079,-0.7256073,-0.1139535,-0.6100115,-0.4703524,-0.6376948,0.4091178,0.5022576,-0.7618136,0.4226561,0.02837335,0.04331396,0.07797846
0.6108697,-0.7838613,0.111353,-0.4405303,-0.4533805,-0.7748412,0.6578535,0.4242727,-0.6222712,0.4388737,0.001712395,0.1405783,0.1005399
0.5044912,-0.8624277,0.04131604,-0.2879684,-0.213178,-0.9336109,0.8139797,0.4591007,-0.3558984,0.4175848,-0.02701857,0.2896006,0.1226228
0.5052362,-0.8629186,-0.01039055,-0.1329325,-0.06592371,-0.9889303,0.8526813,0.5010245,-0.148017,0.3963509,-0.04239262,0.3735981,0.1337849
0.5448927,-0.836567,-0.05698653,0.2271331,0.2126796,-0.9503568,0.807157,0.5048989,0.3058997,0.3326445,-0.0916887,0.544912,0.1563647
0.6648856,-0.7176953,0.20698,0.7465387,0.6293592,-0.2158403,0.02464276,0.2980277,0.9542392,0.08967495,-0.2563167,0.7382877,0.1783763
0.5165431,-0.8561711,0.01242439,0.656876,0.4055292,0.6356572,-0.5492698,-0.3201831,0.7718716,-0.109219,-0.4969819,0.6918876,0.2007737
0.9657366,0.1244058,0.227764,-0.2351715,0.7906672,0.5652786,-0.1097617,-0.5994737,0.7928329,-0.150683,-0.7224292,0.5123336,0.2235897
0.7993481,-0.3342432,0.4993239,0.05203871,0.8663906,0.4966481,-0.5986107,-0.3710105,0.7099413,-0.2470896,-0.7694018,0.382061,0.2452203
0.7692655,-0.4572529,0.4462628,-0.03648414,0.6658781,0.7451679,-0.6378869,-0.5895135,0.4955546,-0.2473135,-0.7775713,0.2639056,0.2678676
0.8025133,-0.3752177,0.4638796,-0.1435919,0.6331766,0.7605714,-0.5790975,-0.6769779,0.4542544,-0.2454574,-0.803541,0.2025458,0.2788475
0.7564499,-0.3345442,0.5620175,-0.3146045,0.5672377,0.7610948,-0.5734173,-0.7525434,0.3238378,-0.2421954,-0.8329094,0.06035382,0.3009079
0.6658398,-0.4478877,0.5967027,-0.3651816,0.5017784,0.7841307,-0.6506149,-0.7400103,0.1705437,-0.2388238,-0.8208895,-0.04479076,0.3234211
0.5505964,-0.5646603,0.6148192,-0.3666147,0.4981149,0.785796,-0.7499584,-0.6580582,0.06724755,-0.2396224,-0.7760369,-0.08273888,0.345922
0.4313475,-0.5412725,0.721778,-0.361909,0.629028,0.6880013,-0.8264148,-0.5579855,0.0754384,-0.246173,-0.7469223,-0.05492141,0.3681695
0.3918577,-0.4467962,0.804252,-0.358702,0.7307904,0.5807567,-0.8472196,-0.5160606,0.1260991,-0.2520221,-0.7298507,-0.0001069779,0.3903676

8
0.8888538,-0.4512592,-0.0793971,-0.441285,-0.8897437,0.1167201,-0.1233141,-0.06871043,-0.9899862,0.2086905,0.02601881,-0.145213,0
0.9035956,-0.4220705,-0.07329167,-0.4104092,-0.9019547,0.1343213,-0.1227988,-0.09129255,-0.9882238,0.2050974,0.02077832,-0.1453575,0.01086695
0.9145744,-0.3980841,-0.07129312,-0.3845235,-0.9105761,0.1516335,-0.1252807,-0.1112663,-0.9858624,0.2009667,0.01620259,-0.1436358,0.02177581
0.9117511,-0.4055636,-0.06502514,-0.3894714,-0.9039161,0.1767712,-0.1304694,-0.1358459,-0.9821019,0.1943393,0.01303633,-0.1368515,0.04411344
0.8957887,-0.4421309,-0.04563946,-0.4283224,-0.8860959,0.1771276,-0.1187545,-0.1391205,-0.9831293,0.1921221,0.01624811,-0.12887,0.05543159
0.8847967,-0.4643486,0.03892747,-0.4652534,-0.8756786,0.1293315,-0.02596716,-0.1325431,-0.9908372,0.1954738,0.0278439,-0.1064315,0.07759548
0.8957385,-0.4323991,0.1033611,-0.4390059,-0.8969729,0.05209189,0.07018756,-0.09203684,-0.9932789,0.2023879,0.04251738,-0.08339755,0.089315
0.8889157,-0.4211398,0.1801955,-0.3763184,-0.8956843,-0.2369264,0.2611775,0.1427967,-0.9546705,0.213502,0.08965698,-0.00696779,0.111298
0.8887785,-0.4362042,0.1407082,-0.3329984,-0.8254941,-0.4557102,0.3149363,0.3581699,-0.8789366,0.2144656,0.1254144,0.05242889,0.123679
0.9486254,-0.3163946,0.002086368,-0.1576939,-0.4784997,-0.8638116,0.2743036,0.8191047,-0.5038105,0.1849285,0.1748627,0.2184905,0.1449574
0.9741675,-0.2239235,-0.02925747,-0.08468756,-0.2421428,-0.9665375,0.2093459,0.9440472,-0.2548512,0.1699827,0.1775922,0.3090808,0.1559666
0.9943686,-0.1025993,-0.02654494,-0.02180344,0.04706199,-0.998654,0.1037105,0.9936088,0.04455998,0.1466383,0.1474814,0.4157189,0.1671003
0.9988727,0.04201142,-0.02210321,-0.04045568,0.5097471,-0.8593727,-0.02483639,0.8592979,0.5108721,0.1076618,0.02416528,0.5948061,0.1903784
0.9923062,0.1180892,-0.03719504,-0.1084688,0.6843593,-0.7210318,-0.05969136,0.7195188,0.6919029,0.1048292,-0.05315836,0.6684353,0.2013969
0.9950994,0.09876412,-0.004817946,-0.09591143,0.9522105,-0.2899935,-0.02405325,0.2890343,0.9570165,0.1082272,-0.2672955,0.7358763,0.2231727
0.996621,0.07747605,-0.02728986,-0.07634443,0.9962661,0.04031745,0.03031158,-0.03809767,0.9988145,0.1269244,-0.3882019,0.7293963,0.234395
0.9649264,0.2526505,0.07130855,-0.2538021,0.8283822,0.499367,0.06709453,-0.4999506,0.8634511,0.1474738,-0.582323,0.7048715,0.2565201
0.8426543,0.4777473,0.2483768,-0.5363821,0.704338,0.4649757,0.04719964,-0.5250387,0.8497686,0.1538263,-0.6433365,0.6409713,0.2679772
0.8219497,0.5064613,0.2605692,-0.5591315,0.6303588,0.5385351,0.1084949,-0.5883409,0.8013016,0.173006,-0.7251833,0.560356,0.2900108
0.8784978,0.4496447,0.161435,-0.4481959,0.6586834,0.6043646,0.1654148,-0.6032875,0.7801809,0.1731816,-0.7475553,0.5297501,0.301529

9
0.949808,-0.2763259,0.1466586,-0.2730695,-0.961064,-0.04229732,0.1526361,0.0001263472,-0.9882824,0.1844756,0.03780377,-0.01918909,0
0.951448,-0.2702299,0.1473875,-0.2595632,-0.9617345,-0.08771825,0.1654514,0.045203,-0.9851817,0.1794845,0.04223251,0.001707017,0.0108971
0.9538589,-0.2639194,0.1431783,-0.2443613,-0.9594393,-0.1405837,0.1744737,0.09910977,-0.9796614,0.1744384,0.04881946,0.0260259,0.02237289
0.9603826,-0.264569,0.08757193,-0.2057649,-0.8850982,-0.4174474,0.1879532,0.3828899,-0.9044718,0.154755,0.08675301,0.1243136,0.04483902
0.9734576,-0.2267329,0.03118558,-0.1524163,-0.7438845,-0.6506959,0.1707326,0.6286717,-0.7586978,0.1429209,0.1124204,0.2006462,0.05604527
0.9986604,-0.04574523,-0.02418334,-0.02863071,-0.09920441,-0.9946551,0.04310165,0.9940151,-0.1003812,0.104719,0.1111281,0.4052098,0.07806916
0.9998128,0.01642293,-0.01022736,-0.01407582,0.2547957,-0.9668925,-0.01327336,0.9668554,0.2549792,0.08736455,0.06548622,0.5076642,0.08994427
0.994377,0.05193678,-0.09228848,-0.1009284,0.7286492,-0.6774096,0.03206344,0.682915,0.7297939,0.09109715,-0.08014683,0.6652488,0.1121708
0.9927996,0.08076372,-0.08846551,-0.1139849,0.8640119,-0.4903988,0.03682883,0.4969514,0.8669966,0.08662341,-0.1712429,0.7067615,0.1229248
0.9956527,0.09294222,-0.006154686,-0.09275346,0.983234,-0.1569956,-0.008540017,0.1568839,0.9875802,0.09359805,-0.3384175,0.718275,0.1454047
0.9881579,0.1520837,0.02036273,-0.1519416,0.9883541,-0.008362068,-0.02139737,0.005169134,0.9997578,0.09167949,-0.416683,0.7165805,0.1566475
0.9261541,0.3704553,0.07072262,-0.3730509,0.9274051,0.0274367,-0.05542439,-0.05179372,0.9971188,0.09818425,-0.4822848,0.6871777,0.167399
0.7858002,0.5814537,0.2107831,-0.6044455,0.7941843,0.06258567,-0.1310099,-0.1765868,0.9755272,0.0944516,-0.5882496,0.6240407,0.1904801
0.9066651,0.3936799,0.1515744,-0.416802,0.891416,0.1779148,-0.06507438,-0.2244856,0.9723022,0.09644216,-0.6207073,0.5871524,0.2008767
0.9686668,0.2279133,0.09869304,-0.2483402,0.8832889,0.3976531,0.003455992,-0.4097028,0.9122126,0.09876098,-0.7025053,0.5226018,0.2233717
0.953429,0.2506618,0.1677555,-0.2999325,0.8466389,0.4395943,-0.03183885,-0.4694373,0.8823916,0.09626407,-0.7349228,0.4915051,0.2342902
0.9307103,0.2462389,0.2704535,-0.3531448,0.7974821,0.4891945,-0.09522326,-0.5508074,0.8291826,0.09181748,-0.7772628,0.4377894,0.2566146
0.9369417,0.224131,0.2681526,-0.3386106,0.7720976,0.5377808,-0.08650664,-0.5946684,0.7993035,0.09478633,-0.7956341,0.417707,0.2676972
0.9700298,0.1615209,0.18153,-0.2413865,0.7261438,0.6437761,-0.02783365,-0.6683009,0.7433701,0.1096741,-0.8157309,0.387522,0.2903406
0.9742097,0.1617723,0.1573054,-0.2256274,0.7068874,0.6703749,-0.002749114,-0.6885782,0.7251568,0.1162092,-0.8218333,0.3742767,0.301644

10
0.9967817,0.07826586,-0.01733784,-0.07833485,0.9969215,-0.0033363,0.01702337,0.004683709,0.9998441,0.2040652,-0.428023,-0.06945626,0
0.9985712,0.05327741,-0.004148185,-0.05321871,0.9984961,0.01316524,0.004843351,-0.01292566,0.9999049,0.2048866,-0.4302548,-0.06668619,0.01127293
0.997305,0.06522328,0.03360536,-0.06537749,0.9978545,0.003508688,-0.03330448,-0.005696218,0.9994293,0.2057049,-0.4312063,-0.05518331,0.03363227
0.9969761,0.06421948,0.04375229,-0.0642896,0.9979313,0.0001960391,-0.04364917,-0.003008261,0.9990423,0.206739,-0.4320011,-0.04684786,0.04471869
0.9961377,0.04291857,0.07660079,-0.04346421,0.99904,0.005469615,-0.07629247,-0.008777885,0.9970469,0.2074187,-0.4337789,-0.01793591,0.06707804
0.9871987,0.0543231,0.1499603,-0.05383144,0.9985231,-0.007339011,-0.1501375,-0.000827515,0.9886648,0.2037878,-0.432552,0.01990036,0.08957842
0.9818811,0.06803554,0.1768642,-0.06472781,0.9976043,-0.02441173,-0.1781013,0.01252139,0.9839326,0.2018684,-0.4299041,0.04468501,0.101069
0.9801574,0.08060551,0.1810922,-0.07017905,0.9955257,-0.06327357,-0.1853822,0.0493092,0.9814288,0.2028714,-0.4187751,0.1049332,0.1238297
0.9837776,0.09455479,0.1524499,-0.07398669,0.9880294,-0.1353656,-0.1634243,0.1218904,0.9789971,0.2043036,-0.4005455,0.1699232,0.1453593
0.9841324,0.08899819,0.1535023,-0.06342466,0.9844006,-0.1641124,-0.1657134,0.1517725,0.9744251,0.2015327,-0.3897108,0.2044218,0.1565182
0.9734159,0.1051667,0.2034741,-0.06183839,0.9760363,-0.2086363,-0.2205398,0.1905074,0.9565925,0.1867408,-0.3676801,0.2724643,0.1790357
0.9561278,0.09734962,0.2763026,-0.03556868,0.9747704,-0.2203576,-0.2907833,0.2008623,0.9354677,0.1622334,-0.3404976,0.3447151,0.2004012
0.9412129,0.09928749,0.322894,-0.02340376,0.9727012,-0.2308781,-0.3370026,0.2097485,0.9178426,0.1483642,-0.3246802,0.380471,0.2173166
0.919194,0.05887977,0.3893784,0.02356632,0.978763,-0.2036358,-0.3930991,0.196357,0.8982856,0.1169226,-0.3036647,0.4494491,0.2342384
0.9341039,-0.0342936,0.3553501,0.09400926,0.9838731,-0.1521707,-0.3444009,0.1755494,0.9222637,0.09887505,-0.2788034,0.5232375,0.2564866
0.9374769,-0.0544306,0.3437656,0.1082616,0.9843021,-0.1393874,-0.3307822,0.167889,0.9286532,0.08977641,-0.2682196,0.5588766,0.2677092
0.954981,-0.04059803,0.2938761,0.08079282,0.9887407,-0.1259533,-0.2854539,0.1440261,0.9475086,0.07234433,-0.2578066,0.6137298,0.2901841
0.9628309,-0.1063084,0.2483052,0.1159729,0.9929482,-0.0245807,-0.2439411,0.05246374,0.9683701,0.06050759,-0.259727,0.65668,0.3122979
0.9687887,-0.09196515,0.2301977,0.09475702,0.9954998,-0.001078336,-0.2290626,0.02285754,0.9731433,0.05438873,-0.259181,0.6726884,0.3237261
0.9861647,-0.02975778,0.1630763,0.0227856,0.9987513,0.04445936,-0.1641957,-0.04012845,0.9856113,0.04835393,-0.2585967,0.6983688,0.3463111

11
0.9354774,-0.3533463,0.00532889,0.3522773,0.9312413,-0.09322143,0.02797699,0.08908378,0.9956312,0.2334654,-0.4114122,-0.1183621,0
0.9379395,-0.3467217,-0.007326277,0.3458154,0.9366603,-0.05549023,0.02610195,0.04951295,0.9984324,0.2435477,-0.4206263,-0.1026541,0.0113787
0.9455912,-0.3239999,0.02968858,0.323816,0.9460568,0.01093957,-0.03163145,-0.0007307463,0.9994993,0.2593361,-0.4370663,-0.06375249,0.03340949
0.952011,-0.2957862,0.07864865,0.2943588,0.9552418,0.02942754,-0.08383269,-0.004864407,0.9964679,0.2631865,-0.442257,-0.03775481,0.04481041
0.9484699,-0.2661202,0.1720031,0.2650897,0.9637765,0.02936459,-0.1735872,0.0177448,0.9846588,0.2728451,-0.4426399,0.02488624,0.06713476
0.938908,-0.2659227,0.2184882,0.2721071,0.9622652,0.001852033,-0.2107362,0.05771326,0.975838,0.277188,-0.4347567,0.06665342,0.07846594
0.9129069,-0.2909692,0.2862482,0.3097603,0.9505683,-0.0216464,-0.2658001,0.1084295,0.9579111,0.2748341,-0.4144782,0.1592501,0.1005731
0.9118126,-0.2867813,0.2938613,0.2960142,0.9550869,0.01358309,-0.2845584,0.07460185,0.9557517,0.2591821,-0.4074623,0.2579375,0.1232181
0.9148433,-0.2895809,0.2814328,0.2896599,0.9561948,0.04229172,-0.2813516,0.04282951,0.9586484,0.2482817,-0.4060687,0.3084267,0.1343025
0.9276686,-0.2161547,0.3044806,0.2077999,0.9763294,0.05999984,-0.3102427,0.007611037,0.9506271,0.2174724,-0.3986067,0.4174762,0.1563491
0.9214507,-0.1778542,0.3453936,0.1845962,0.9827209,0.0135635,-0.3418378,0.05126021,0.93836,0.2007736,-0.3819835,0.4708333,0.1674169
0.9178912,-0.2787641,0.2824295,0.2749635,0.9599449,0.05386012,-0.2861311,0.02822005,0.9577749,0.1713293,-0.3637727,0.5695193,0.1904277
0.9801739,-0.1886138,0.06069649,0.1873685,0.9819549,0.02564447,-0.0644381,-0.01376344,0.9978269,0.16608,-0.352118,0.6395482,0.2127191
0.9951759,-0.09479973,0.02525869,0.09402957,0.9951139,0.03011147,-0.02798982,-0.02759114,0.9992273,0.1626564,-0.3521686,0.6669489,0.2235316
0.9998901,-0.01158145,-0.009267219,0.01230905,0.9964944,0.08274895,0.008276401,-0.08285391,0.9965274,0.1539895,-0.3608152,0.6972924,0.2456526
0.998844,-0.03406144,-0.03391856,0.03843369,0.9896941,0.1379439,0.0288705,-0.139088,0.9898591,0.1497124,-0.3646294,0.701186,0.2573279
0.9908082,0.1331191,-0.02404842,-0.1258905,0.9724495,0.196198,0.04950362,-0.1913672,0.9802693,0.1454326,-0.3609515,0.7126806,0.2793273
0.9359232,0.3516611,0.01955883,-0.3483002,0.9158736,0.1996562,0.05229789,-0.1936752,0.9796709,0.1404927,-0.3541319,0.7075659,0.3016258
0.9564156,0.2919982,-0.002483888,-0.2864648,0.9398731,0.1859475,0.05663089,-0.1771316,0.9825565,0.1416724,-0.3440594,0.7025261,0.3128252
0.9740723,0.2249583,-0.02402352,-0.219011,0.9642513,0.1491766,0.05672329,-0.1400474,0.9885188,0.1409602,-0.3207138,0.7016757,0.3356723

12
0.2164051,0.9748236,0.05374195,0.215465,-0.1013762,0.9712353,0.9522309,-0.1986007,-0.2319786,0.667949,-0.5909719,-0.4536875,0
0.2264958,0.9702154,0.08591668,0.1671539,-0.1256186,0.9778955,0.959562,-0.2071279,-0.1906274,0.6937019,-0.578191,-0.4216712,0.02284273
0.2681701,0.958628,0.09548402,0.1271739,-0.1334736,0.9828589,0.9549406,-0.2514303,-0.157706,0.7150528,-0.5702614,-0.3852828,0.04482779
0.2752177,0.9599648,0.05218143,0.09868968,-0.08220126,0.9917175,0.9563031,-0.2677884,-0.1173618,0.7408982,-0.5592795,-0.3385452,0.06695336
0.2003538,0.9788389,0.04162913,0.02530124,-0.04764593,0.9985439,0.9793968,-0.1990088,-0.03431191,0.7722947,-0.5349413,-0.2752647,0.08928715
0.1243547,0.9895651,0.07277906,-0.09054191,-0.06172553,0.9939779,0.9880982,-0.1301954,0.08192128,0.799091,-0.5072836,-0.195421,0.1119751
0.01944535,0.9978426,0.06270678,-0.2062642,-0.05736571,0.9768136,0.9783033,-0.03192862,0.2047037,0.8145061,-0.4725148,-0.09187746,0.1332307
-0.03746484,0.9992692,-0.00758186,-0.4322592,-0.009364797,0.9017007,0.9009707,0.03705941,0.4322942,0.8015921,-0.4251058,0.1022382,0.166936
-0.03094713,0.9983805,-0.04773629,-0.6041697,0.01936177,0.7966205,0.7962546,0.053494,0.602592,0.7602379,-0.400867,0.2371053,0.1891188
-0.01987915,0.9982482,-0.05572733,-0.7636196,0.02081887,0.6453308,0.6453604,0.05538314,0.7618679,0.684689,-0.3855124,0.3667242,0.2121149
-0.05665658,0.9973713,-0.04517405,-0.8927958,-0.03035962,0.4494375,0.4468846,0.06579484,0.8921689,0.5831075,-0.3726526,0.4756625,0.2340171
-0.1022386,0.994249,-0.03187791,-0.970867,-0.09275037,0.2209402,0.2167129,0.0535378,0.9747662,0.4653352,-0.3638677,0.561475,0.2562319
-0.1481522,0.9884239,-0.03269846,-0.9882269,-0.1492376,-0.03370493,-0.03819465,0.02732005,0.998897,0.3322915,-0.3643875,0.6209465,0.2788426
-0.2457068,0.9678173,-0.05438856,-0.9267234,-0.2509882,-0.279623,-0.2842749,-0.018302,0.9585683,0.1945539,-0.3699219,0.6416704,0.3010047
-0.3903764,0.9039123,-0.1747824,-0.6968879,-0.4141803,-0.5854931,-0.601626,-0.1067589,0.7916116,0.005545394,-0.3840902,0.6170624,0.3344612
-0.4482513,0.8469019,-0.2860559,-0.4956865,-0.5017926,-0.7088717,-0.7438856,-0.1759586,0.6447271,-0.09749345,-0.399288,0.57537,0.3568924
-0.42475,0.822476,-0.3783129,-0.3008256,-0.5223627,-0.7978979,-0.8538684,-0.225101,0.4692954,-0.1832169,-0.411081,0.5163949,0.3790833
-0.3250698,0.8542969,-0.405594,-0.1794329,-0.4768135,-0.8604958,-0.9285115,-0.2069443,0.3082865,-0.2462244,-0.4139671,0.4471267,0.4017191
-0.2157558,0.8858532,-0.4107477,-0.07885088,-0.4350881,-0.8969288,-0.9732587,-0.1611297,0.163723,-0.2935538,-0.4113947,0.3787757,0.4239369
-0.1257889,0.8943233,-0.4293751,0.02491668,-0.4298285,-0.9025666,-0.9917442,-0.1242315,0.03178399,-0.322535,-0.4047425,0.3176116,0.4463893

13
0.2846165,0.9561458,-0.06912702,0.9404269,-0.2924717,-0.1733715,-0.1859862,-0.01566448,-0.9824275,-0.2036021,-0.3445666,-0.1301548,0
0.2819133,0.9556692,-0.08498038,0.9501987,-0.2903644,-0.1131876,-0.1328453,-0.04883925,-0.9899329,-0.2020949,-0.3415696,-0.1331838,0.0219171
0.2902079,0.9502271,-0.1133489,0.9500892,-0.3002667,-0.08467837,-0.1144986,-0.08311724,-0.9899402,-0.206471,-0.3403788,-0.1289367,0.04446039
0.3164147,0.9373512,-0.1457897,0.9368871,-0.3328859,-0.106908,-0.1487416,-0.1027612,-0.9835222,-0.2180381,-0.3393313,-0.1190045,0.06712838
0.3101969,0.9293295,-0.2003114,0.920522,-0.34626,-0.180951,-0.237523,-0.1282607,-0.962877,-0.2368931,-0.3391311,-0.09841813,0.08904599
0.3005795,0.9198482,-0.2520542,0.8906373,-0.3652507,-0.2708457,-0.3412,-0.1430782,-0.9290379,-0.2628855,-0.3341461,-0.06040395,0.1115349
0.2230099,0.9217843,-0.3171436,0.7966826,-0.3598225,-0.485618,-0.5617507,-0.1443652,-0.8146136,-0.3044243,-0.3183146,0.02779464,0.1449778
0.1847162,0.9157156,-0.356854,0.6366968,-0.3881015,-0.6663292,-0.7486637,-0.104126,-0.6547219,-0.3299194,-0.2990666,0.1142841,0.1672646
0.1334938,0.8957604,-0.4240197,0.4216495,-0.4385293,-0.7936648,-0.8968785,-0.07283837,-0.4362379,-0.335302,-0.2785569,0.2173524,0.1897742
0.08835963,0.8779118,-0.4705989,0.1753696,-0.4787779,-0.8602426,-0.9805295,-0.006518048,-0.1962637,-0.3083068,-0.2544605,0.3328422,0.2119153
-0.0020313,0.8855376,-0.4645634,-0.1141669,-0.4617323,-0.8796415,-0.9934596,0.05125097,0.1020369,-0.2476264,-0.2341021,0.4497861,0.2345169
-0.1435217,0.9024863,-0.4061038,-0.5652531,-0.4115863,-0.7149028,-0.8123367,0.1269473,0.5692046,-0.08932525,-0.2059072,0.6077355,0.2679422
-0.1660568,0.9074037,-0.3860618,-0.7843848,-0.358809,-0.505961,-0.5976333,0.2188028,0.7713364,0.05019908,-0.1844756,0.6720093,0.2901031
-0.1957241,0.9118435,-0.3608792,-0.9309367,-0.2884534,-0.223946,-0.3083006,0.2921241,0.9053257,0.2207425,-0.1727384,0.681208,0.3125046
-0.1802579,0.9413618,-0.2852108,-0.9816543,-0.1538489,0.1126308,0.06214682,0.300281,0.9518242,0.3894485,-0.1756589,0.6590017,0.3349664
-0.3079384,0.9485618,-0.07351504,-0.892707,-0.2613544,0.3671078,0.3290109,0.1786739,0.9272689,0.5304797,-0.2163458,0.6035996,0.357257
-0.1793427,0.9643093,0.1947927,-0.7950382,-0.2586863,0.5486311,0.5794399,-0.05647463,0.813056,0.6627356,-0.310688,0.4719151,0.3909677
-0.154531,0.9560957,0.2490006,-0.7289899,-0.2804498,0.6244373,0.6668538,-0.08502401,0.7403222,0.7167282,-0.3508144,0.3811932,0.4130519
-0.1175107,0.9542769,0.274858,-0.6745207,-0.2798318,0.6831661,0.7288436,-0.105118,0.6765628,0.7509741,-0.3799907,0.2954106,0.4354897
-0.0417716,0.9698886,0.2399398,-0.6225435,-0.2130991,0.753013,0.7814697,-0.1179184,0.6126993,0.7708002,-0.4050358,0.2102656,0.4578528

14
0.379625,-0.8212338,-0.4259812,-0.9251319,-0.3349936,-0.178635,0.004000165,0.461903,-0.8869215,0.4516772,-0.05100866,-0.3243611,0
0.4918754,-0.7990792,-0.3457326,-0.8698084,-0.4333719,-0.2358435,0.03862681,0.4167267,-0.9082108,0.453501,-0.05276934,-0.3143213,0.02217616
0.5946154,-0.7609481,-0.2595972,-0.8006317,-0.5308338,-0.2778569,0.07363164,0.3730596,-0.924881,0.4579313,-0.05595536,-0.2948292,0.04473964
0.5934388,-0.7765977,-0.2114861,-0.8005658,-0.5423524,-0.2548497,0.08321564,0.3205462,-0.9435706,0.4624599,-0.05800375,-0.2696268,0.06775993
0.6439664,-0.7619882,-0.0684187,-0.7333189,-0.589291,-0.3390863,0.2180612,0.2685329,-0.938264,0.4819134,-0.05027022,-0.2123283,0.1007785
0.6859879,-0.7239794,0.07262521,-0.6307058,-0.641425,-0.4367885,0.3628094,0.2538265,-0.8966277,0.5008426,-0.04119346,-0.1627894,0.1226826
0.6876867,-0.6988604,0.1966752,-0.5031314,-0.6540533,-0.5648656,0.5233983,0.2894971,-0.8014024,0.5204105,-0.02560788,-0.09582356,0.1451382
0.6099148,-0.7400778,0.2833529,-0.3802394,-0.587011,-0.7147282,0.6952856,0.3281812,-0.6394334,0.5346439,-0.001211434,0.03033593,0.1787529
0.5701051,-0.7640705,0.3019547,-0.2572508,-0.5150687,-0.8176346,0.7802578,0.3884596,-0.490201,0.5276836,0.007560758,0.1371401,0.2007995
0.5241923,-0.8181391,0.2363703,-0.0278289,-0.2938687,-0.9554406,0.8511451,0.4942568,-0.1768116,0.5002978,0.005739063,0.275802,0.2232907
