0
0.6472057,0.7598361,-0.06143198,-0.5356424,0.3959416,-0.7458669,-0.5424132,0.5156348,0.6632561,0.02665495,-0.4742192,0.3246584,0
0.6080877,0.7905032,-0.07303528,-0.5147889,0.3226107,-0.7943015,-0.6043358,0.5206026,0.6031179,0.01563562,-0.4558749,0.3259462,0.03354572
0.59361,0.7987826,-0.09784503,-0.4630581,0.2395918,-0.8533305,-0.6581826,0.5518535,0.5121069,-0.009046419,-0.4286337,0.3245016,0.07816741
0.532872,0.8378013,-0.1188972,-0.3462109,0.08764569,-0.9340537,-0.7721305,0.5388945,0.3367598,-0.04783549,-0.4006616,0.3204325,0.1227536
0.534754,0.8380967,-0.107852,-0.1750428,-0.01499792,-0.9844466,-0.826679,0.5453156,0.1386827,-0.09407274,-0.3710958,0.2999734,0.1675214
0.4923361,0.8583841,-0.1441589,-0.0413592,-0.1423644,-0.9889498,-0.869422,0.4928579,-0.03458903,-0.1394515,-0.3475179,0.2735654,0.2121929
0.4841722,0.8469878,-0.2195203,0.04502416,-0.2746735,-0.9604829,-0.8738137,0.4551554,-0.1711242,-0.1638145,-0.3285582,0.2495945,0.2457131
0.4909012,0.8282061,-0.270353,0.1839455,-0.401852,-0.8970391,-0.8515751,0.3906272,-0.3496144,-0.1809081,-0.3192503,0.2110895,0.2906544
0.5264638,0.8212889,-0.2198187,0.2164695,-0.379515,-0.899505,-0.8221781,0.4259728,-0.377585,-0.1709223,-0.3165896,0.2461624,0.3350249
0.4276627,0.8608969,-0.2756104,-0.1883937,-0.2133172,-0.9586468,-0.8840886,0.4619007,0.07095966,-0.1150421,-0.3362948,0.4437915,0.3797548
0.588892,0.8077492,-0.0273397,-0.7645808,0.5458179,-0.3427815,-0.2619589,0.2227647,0.9390172,0.1057194,-0.4025833,0.7069897,0.4244202
0.7527512,0.6464078,-0.12459,-0.5829942,0.742489,0.3298908,0.3057506,-0.1756904,0.9357615,0.3240545,-0.4874106,0.7312834,0.4579041
0.6668528,0.7437577,-0.04617047,-0.6683162,0.6243191,0.4044493,0.3296373,-0.2388516,0.9133943,0.4088835,-0.5032135,0.6495322,0.5025288
0.7604325,0.6267826,-0.1699591,-0.4920649,0.7268917,0.4790621,0.4238095,-0.2806636,0.8611698,0.4189514,-0.5721675,0.5751207,0.5473659
0.5420552,0.8400174,-0.02339236,-0.6967714,0.4648329,0.5462968,0.4697722,-0.2798238,0.8372651,0.4672191,-0.5723729,0.5465981,0.5919158
0.6306406,0.7696813,-0.09941354,-0.6894459,0.6144421,0.3835691,0.3563098,-0.173354,0.9181457,0.4298411,-0.5606643,0.5729714,0.636587
0.717015,0.6952608,-0.05002057,-0.6595855,0.6999319,0.2739385,0.2254696,-0.1634251,0.9604455,0.3649071,-0.5842575,0.5620814,0.6701794
0.4404854,0.8976678,-0.01284513,-0.8970419,0.4406602,0.03368076,0.03589441,-0.003313289,0.9993501,0.3030829,-0.5629126,0.5609602,0.7150648
0.5216531,0.848476,-0.08925542,-0.8480483,0.5042508,-0.1629273,-0.09323283,0.1606845,0.9825926,0.2385329,-0.5168073,0.5696631,0.7600657
0.5302462,0.8476669,0.01731532,-0.8114207,0.5132829,-0.2795298,-0.2458358,0.1341696,0.9599808,0.1635173,-0.5079656,0.5697972,0.8041396

1
0.1435914,0.9879035,0.05855152,-0.05130731,0.06651652,-0.9964653,-0.9883062,0.1400797,0.06023777,-0.1147678,-0.505586,0.2922519,0
0.1292182,0.9916143,0.001980951,0.01528888,4.982638E-06,-0.9998833,-0.9914985,0.1292334,-0.01516011,-0.1263502,-0.4979364,0.2800237,0.02230216
0.1003771,0.9937643,-0.04854812,0.0919815,-0.05785433,-0.9940786,-0.9906886,0.09531724,-0.0972152,-0.1374008,-0.4919409,0.2658775,0.04473436
0.06882963,0.9953806,-0.06693276,0.1504178,-0.07667933,-0.9856443,-0.9862236,0.05777366,-0.1550007,-0.1489318,-0.4852885,0.2540706,0.06703497
0.0570303,0.995841,-0.07105128,0.198088,-0.08103903,-0.9768284,-0.9785238,0.04163441,-0.2018858,-0.1594861,-0.480573,0.2419493,0.08933406
0.08111984,0.99154,-0.1013311,0.2676362,-0.1196019,-0.9560681,-0.9600992,0.0504362,-0.2750741,-0.1681217,-0.4726687,0.2268564,0.1116919
0.100543,0.9841838,-0.1458543,0.3392529,-0.1717245,-0.9248882,-0.9353067,0.0435096,-0.3511529,-0.174543,-0.466745,0.2108852,0.1340176
0.09200471,0.9788927,-0.1824946,0.3917798,-0.2040765,-0.8971407,-0.9154474,0.0110435,-0.4022864,-0.1788994,-0.4635474,0.1964657,0.1563731
0.0778177,0.9781451,-0.1928121,0.4241187,-0.2075053,-0.8815129,-0.9022571,-0.01317792,-0.4309973,-0.1831727,-0.461706,0.1862457,0.1787294
0.120341,0.9755822,-0.1837319,0.4506119,-0.2185925,-0.8655438,-0.8845716,0.02136866,-0.4659147,-0.1848274,-0.4550739,0.1823345,0.2010265
0.2186584,0.9457388,-0.2403471,0.3823721,-0.3096521,-0.8705787,-0.897764,0.09845737,-0.4293321,-0.1769202,-0.4427421,0.2222947,0.2346407
0.169817,0.9567344,-0.2362656,0.2518699,-0.2739214,-0.9281857,-0.9527453,0.09811348,-0.2874891,-0.1668878,-0.4356016,0.2848172,0.2568687
0.1890384,0.9819121,-0.0106458,0.03759118,-0.0180698,-0.9991299,-0.9812502,0.1884738,-0.04032725,-0.1473868,-0.4112495,0.3925638,0.2792317
0.3908156,0.9158194,0.09240166,-0.2960687,0.2201215,-0.9294567,-0.8715541,0.3358889,0.3571724,-0.09657368,-0.3894546,0.5253426,0.3016509
0.5736098,0.8190171,-0.01352286,-0.697812,0.4799431,-0.5317076,-0.4289874,0.3144291,0.8468201,0.02557483,-0.3959308,0.6742239,0.3237632
0.7890084,0.5860283,-0.1844903,-0.5899807,0.8064925,0.03863544,0.1714316,0.07836205,0.9820746,0.1906109,-0.4292979,0.7488749,0.3461933
0.842569,0.2548276,-0.4744897,-0.05049536,0.9144827,0.4014619,0.5362161,-0.3142999,0.7833824,0.3260714,-0.4971653,0.7228274,0.368673
0.7874813,0.2892009,-0.5442757,-0.04145132,0.9059306,0.4213926,0.614943,-0.3092778,0.7253911,0.391981,-0.5122633,0.672286,0.3907626
0.7250414,0.6559808,-0.2097717,-0.5179453,0.7201169,0.4616973,0.4539247,-0.2260993,0.8618767,0.3966451,-0.5234981,0.6658524,0.413357
0.6892211,0.7244335,0.01305264,-0.6673961,0.6277372,0.40066,0.2820579,-0.2848546,0.9161338,0.3815053,-0.5275066,0.6506485,0.4355649

2
0.9945139,0.01472114,0.1035638,0.0004660066,0.9894146,-0.1451159,-0.1046038,0.144368,0.9839797,0.1095269,-0.6130722,0.3355681,0
0.9939387,0.02192543,0.1077279,-0.008415377,0.9922094,-0.124297,-0.1096139,0.122637,0.9863798,0.1238826,-0.6119012,0.3251742,0.06698082
0.9907954,0.05207364,0.124951,-0.03163826,0.9865646,-0.1602788,-0.1316185,0.1548502,0.9791312,0.1405785,-0.6065763,0.3082202,0.1450936
0.9876346,0.08753121,0.1300627,-0.06235874,0.9805028,-0.186348,-0.1438382,0.1759332,0.9738368,0.1551044,-0.6017644,0.2927009,0.2121518
0.9875339,0.1119228,0.1106796,-0.09084732,0.9794806,-0.1799016,-0.1285437,0.1676039,0.9774382,0.179996,-0.6071649,0.2658655,0.2902783
0.9832459,0.1470948,0.1076593,-0.1272317,0.9767516,-0.1725352,-0.1305355,0.1559469,0.9791022,0.2017823,-0.6097504,0.2349815,0.3573531
0.9810641,0.1583229,0.1115665,-0.1388,0.9764553,-0.1651352,-0.1350844,0.1465228,0.9799405,0.2219824,-0.6093064,0.1937411,0.435575
0.980085,0.1684995,0.1050777,-0.1533332,0.978387,-0.1387364,-0.1261837,0.1198615,0.984739,0.2352034,-0.6114435,0.1619997,0.5025241
0.9804398,0.1761042,0.08789265,-0.1662367,0.9800179,-0.1092259,-0.1053715,0.09247849,0.9901235,0.2449607,-0.6145656,0.1275913,0.5807625
0.9842844,0.1571028,0.08064117,-0.1497512,0.9845892,-0.09032612,-0.09358887,0.07683047,0.992642,0.2448839,-0.6195333,0.1035132,0.6477663
0.9887583,0.1379183,0.0577541,-0.132472,0.9871473,-0.08939401,-0.06934089,0.08073826,0.9943205,0.2407191,-0.6273994,0.08538391,0.7259801
0.9880384,0.144489,0.05387986,-0.1393278,0.9861791,-0.0896572,-0.06608965,0.08107781,0.9945142,0.2361885,-0.6352134,0.07371788,0.7929484
0.990234,0.1353668,0.03335305,-0.1325615,0.9882998,-0.0754388,-0.04317475,0.07028076,0.9965925,0.2296311,-0.6458778,0.05891172,0.8710484
0.990389,0.1376786,0.01319493,-0.1370195,0.9896763,-0.04202981,-0.01884533,0.0398179,0.9990293,0.2289017,-0.6562678,0.05216219,0.9380862
0.9885345,0.1508517,-0.006583468,-0.1506645,0.9883154,0.0230826,0.009988536,-0.02182603,0.9997119,0.2313047,-0.6724187,0.07803511,1.016545
0.9880334,0.1539768,0.00901506,-0.1542342,0.9868304,0.0487608,-0.001388298,-0.04956769,0.9987698,0.2166432,-0.6853284,0.1536901,1.083487
0.9975877,0.0656881,-0.0224447,-0.06534795,0.9977411,0.01556689,0.02341658,-0.01406264,0.9996269,0.1904643,-0.6765976,0.3385349,1.16165
0.9059064,0.4234675,-0.002982428,-0.4172021,0.8912507,-0.1778048,-0.07263651,0.1623189,0.9840613,0.1309291,-0.5880224,0.5596296,1.228632
0.9113005,-0.04887176,-0.4088313,-0.1254794,0.9127345,-0.3888066,0.3921561,0.4056196,0.825643,0.1133049,-0.2970251,0.6936714,1.306887
0.8785617,0.2901123,0.3794259,0.196703,0.50413,-0.8409286,-0.4352437,0.8134419,0.3858433,-0.05519376,-0.1543595,0.5404531,1.37384

3
0.9848386,-0.1468174,0.09239937,0.1550079,0.9839177,-0.08876094,-0.07788169,0.1017378,0.991758,0.2142106,-0.614365,0.3404252,0
0.9715683,-0.2298739,-0.05668245,0.221573,0.9671704,-0.1244465,0.08342855,0.108349,0.990606,0.2638904,-0.6057211,0.3258488,0.04455934
0.8799466,-0.4335573,-0.1942212,0.393001,0.8940141,-0.2151487,0.2669158,0.1129903,0.9570732,0.3343005,-0.5890933,0.3018955,0.08956094
0.7537378,-0.5319389,-0.3859019,0.3902574,0.8347635,-0.3884185,0.5287518,0.1421647,0.836786,0.4073334,-0.5742432,0.2660481,0.1342864
0.5703598,-0.6898807,-0.4458188,0.4209597,0.7115659,-0.562554,0.7053245,0.1331865,0.6962605,0.4652804,-0.5676706,0.2163713,0.1787591
0.4120196,-0.776156,-0.4773067,0.33631,0.616389,-0.7120113,0.8468385,0.1328397,0.5149934,0.5144682,-0.5620151,0.1657254,0.2234191
0.247626,-0.867009,-0.4324081,0.2014613,0.4826307,-0.8523386,0.9476787,0.1239478,0.2941806,0.5539911,-0.5580342,0.1160987,0.268049
0.09695945,-0.9568057,-0.2740835,0.05897314,0.2804201,-0.9580641,0.9935396,0.07672989,0.08361513,0.5790807,-0.559817,0.07557443,0.312777
0.0507399,-0.9900118,-0.131538,-0.161492,0.1218412,-0.9793238,0.9855688,0.07093314,-0.1536968,0.5881997,-0.5622191,0.04044153,0.3576863
-0.05176362,-0.9971395,0.0550769,-0.3632878,-0.0325706,-0.9311075,0.9302379,-0.0682062,-0.3605626,0.5817633,-0.587237,0.02920399,0.4021189
-0.09413607,-0.9613729,0.2586513,-0.4264893,-0.1958158,-0.8830419,0.8995806,-0.1934381,-0.391582,0.5691892,-0.6168036,0.0952382,0.4469274
-0.2562495,-0.9001387,0.3522597,-0.2925107,-0.2751286,-0.9158286,0.9212893,-0.3377202,-0.1927987,0.5215425,-0.6452493,0.2651685,0.5027124
-0.3183832,-0.9188284,0.2332096,0.2202814,-0.3109875,-0.924534,0.9220132,-0.2429844,0.3014138,0.3881512,-0.607363,0.4862552,0.5473381
-0.2719191,-0.9618012,0.03159778,0.8878082,-0.263398,-0.3773834,0.3712906,-0.07456502,0.9255179,0.09187064,-0.5037257,0.7018725,0.5919894
-0.04979985,-0.8476734,0.5281761,0.6809644,0.3580385,0.638824,-0.7306215,0.3914823,0.559405,-0.4057074,-0.3239584,0.5588558,0.6367661
-0.3243244,-0.394847,0.8595986,0.145103,0.8771979,0.457678,-0.9347507,0.2731663,-0.2272032,-0.6169059,-0.2926843,0.2216889,0.6814888
-0.806631,-0.4051605,0.4303385,-0.2675316,0.8995081,0.3454159,-0.5270419,0.163494,-0.8339644,-0.5670837,-0.3473736,-0.1086061,0.7259853
-0.9879751,-0.1545979,0.002122675,-0.1540999,0.9857243,0.06782992,-0.01257871,0.06668723,-0.9976946,-0.4284353,-0.377016,-0.3100315,0.7706421
-0.9625494,-0.1169327,-0.2445929,-0.1438705,0.9849994,0.09527594,0.2297831,0.1268975,-0.9649338,-0.313839,-0.3713924,-0.3969972,0.8155014
-0.9498086,-0.1153208,-0.2908002,-0.1674131,0.972637,0.1610902,0.264266,0.2016885,-0.9431253,-0.2688232,-0.3453034,-0.4028057,0.859955

4
0.2129853,0.9713543,0.1053947,-0.0171325,0.1115659,-0.9936094,-0.9769052,0.2098186,0.04040346,-0.1707067,-0.4667581,0.3022658,0
0.2156577,0.9745736,0.0608131,-0.04143906,0.07135657,-0.9965897,-0.9755895,0.2124022,0.05577387,-0.1733278,-0.4575154,0.3018735,0.0223392
0.2054731,0.9773095,0.05144917,-0.03063808,0.05896871,-0.9977896,-0.9781832,0.2034426,0.04205925,-0.1759809,-0.4484888,0.2986381,0.04462424
0.2087969,0.9778418,0.01514187,0.000222611,0.01543561,-0.9998809,-0.977959,0.2087753,0.003005143,-0.1767034,-0.437785,0.2924829,0.06701659
0.2400952,0.9686801,-0.06334933,0.0294267,-0.07249083,-0.996935,-0.9703032,0.2374952,-0.04590983,-0.1742506,-0.422001,0.290872,0.08917133
0.3125156,0.9470672,-0.07346979,0.00982463,-0.08056226,-0.9967012,-0.9498618,0.3107629,-0.03448159,-0.1704701,-0.4088145,0.3126881,0.1115724
0.3889197,0.9202936,-0.04244009,-0.0462163,-0.02651919,-0.9985794,-0.9201118,0.3903286,0.03221866,-0.1600972,-0.396659,0.3699737,0.1339389
0.3917091,0.906432,-0.1579402,-0.2482353,-0.06117968,-0.9667659,-0.8859701,0.4178974,0.2010438,-0.1287275,-0.3893083,0.4674831,0.1564802
0.469056,0.8719004,-0.1406275,-0.5961479,0.1950963,-0.77881,-0.6516088,0.4491403,0.6112927,-0.03557039,-0.3720695,0.6142884,0.1786332
0.6406991,0.73758,-0.2132618,-0.7432305,0.5261053,-0.4133058,-0.192648,0.4233073,0.885267,0.09338717,-0.4059463,0.7015801,0.2009305
0.6990126,0.6279918,-0.3420639,-0.6483575,0.7583533,0.06732526,0.301685,0.1747185,0.9372617,0.2603391,-0.4682806,0.7213963,0.2232725
0.7251605,0.4727779,-0.5006229,-0.2223845,0.848877,0.4795342,0.6516805,-0.2364085,0.7207106,0.3920557,-0.5437025,0.6559977,0.2456114
0.7241384,0.3754235,-0.578516,0.05182759,0.8068531,0.5884745,0.6877045,-0.45612,0.5648159,0.4599514,-0.5899161,0.6047832,0.2679039
0.7630021,0.4215952,-0.489985,-0.08209321,0.81509,0.5734885,0.6411619,-0.3973485,0.6565254,0.5005827,-0.5817364,0.5683674,0.2904661
0.5816602,0.6486184,-0.4908825,-0.2241226,0.707904,0.6698068,0.7819465,-0.2795821,0.5571297,0.534596,-0.598932,0.5020751,0.3129011
0.4173718,0.7923269,-0.4449931,-0.2859978,0.579329,0.7632714,0.8625578,-0.1913009,0.4683993,0.5523553,-0.6300498,0.4407959,0.3350865
0.4950217,0.7305558,-0.4703636,-0.1866141,0.6181039,0.7636248,0.848604,-0.2902344,0.4423068,0.5738965,-0.6566038,0.4026159,0.3574132
0.5909296,0.5787073,-0.56205,0.009092627,0.6918853,0.7219502,0.8066719,-0.4317323,0.4035936,0.5994503,-0.672699,0.3796804,0.3798791
0.5641618,0.4932252,-0.6621559,0.1517339,0.7263758,0.6703396,0.8116024,-0.4786514,0.3349545,0.6198608,-0.700591,0.3354574,0.4021356
0.5110342,0.6070672,-0.6085339,0.08910164,0.6667328,0.7399516,0.8549298,-0.4323619,0.2866325,0.6266932,-0.7283124,0.2796758,0.42452

5
0.8928767,0.4455218,0.0654336,-0.4187982,0.8749928,-0.2428903,-0.1654668,0.1894676,0.9678444,0.1665089,-0.6736214,0.1358914,0
0.8579282,0.5099831,0.06226322,-0.4842533,0.8431647,-0.2336067,-0.1716336,0.1702666,0.9703356,0.1710174,-0.6766068,0.1237684,0.03344302
0.8526093,0.5163561,0.08021172,-0.4927425,0.8455492,-0.2055517,-0.1739608,0.1357316,0.9753536,0.1799087,-0.6792291,0.1027272,0.07817814
0.8230939,0.5632475,0.07258664,-0.542173,0.8173918,-0.1947279,-0.1690117,0.1209249,0.9781678,0.1900168,-0.6814583,0.07617469,0.1228956
0.8426576,0.5351669,0.0593688,-0.5194132,0.8369684,-0.172319,-0.1419092,0.114369,0.9832506,0.2025925,-0.6815293,0.04417363,0.167573
0.834799,0.5474972,0.05794417,-0.5390175,0.8341991,-0.1164986,-0.1121196,0.06601998,0.9914992,0.2122162,-0.6877663,0.005005287,0.2122264
0.8359749,0.5457498,0.05747383,-0.5395029,0.8365049,-0.09589711,-0.100413,0.04916028,0.9937307,0.2186306,-0.6889064,-0.0380092,0.2569076
0.846921,0.5289746,0.05395183,-0.5262682,0.8484042,-0.05702715,-0.07593891,0.0199044,0.9969138,0.2226095,-0.6907977,-0.06647838,0.2904244
0.8465118,0.526814,0.07671289,-0.5268309,0.849694,-0.02166578,-0.07659639,-0.02207437,0.9968178,0.2178834,-0.6954096,-0.1051194,0.3351102
0.8431556,0.5260967,0.1109549,-0.5328133,0.8452289,0.04120914,-0.07210229,-0.09386387,0.9929708,0.2137429,-0.6967744,-0.1520416,0.3800679
0.8334033,0.5250665,0.1724647,-0.547472,0.8270246,0.1276903,-0.0755867,-0.2008372,0.9767042,0.212196,-0.7079369,-0.187602,0.4246124
0.8688436,0.4748602,0.1400661,-0.4949621,0.83948,0.2242448,-0.01109783,-0.2641611,0.9644147,0.2191716,-0.7176564,-0.2072629,0.4692801
0.8626478,0.4974414,0.09160128,-0.5036922,0.8283042,0.24537,0.04618352,-0.2578067,0.9650921,0.2132999,-0.7390261,-0.1802621,0.5139248
0.9534975,0.3011107,0.01322606,-0.2860508,0.890239,0.3544708,0.09496056,-0.3417703,0.9349736,0.2137738,-0.7741488,-0.07254648,0.5586008
0.9171886,0.3957621,0.04623144,-0.3975461,0.9010959,0.173157,0.02687006,-0.1771968,0.9838086,0.1803685,-0.7650109,0.08617947,0.5920382
0.9791026,0.1655963,0.1180505,-0.1483005,0.9785885,-0.1427291,-0.1391583,0.1222395,0.9826966,0.0950838,-0.6778795,0.3305191,0.6367517
0.9318802,-0.009245289,0.3626483,0.01421349,0.9998381,-0.01103405,-0.3624876,0.01543689,0.9318607,-0.02910683,-0.5989524,0.5555,0.6813976
0.7714762,0.5906761,-0.2364873,-0.5086208,0.3492205,-0.7869878,-0.3822687,0.7274247,0.5698455,-0.07084687,-0.3856862,0.6761155,0.7260334
0.8904693,-0.405911,0.2056713,0.4550326,0.7912171,-0.4085594,0.003108148,0.4573967,0.8892573,-0.06071834,-0.2952234,0.6938272,0.7706709
0.9995118,0.03070453,-0.005781519,-0.02252462,0.5798905,-0.8143829,-0.02165261,0.8141155,0.5802991,-0.09317886,-0.2097833,0.6669124,0.8155162

6
0.8161017,0.5224226,-0.2470882,-0.5491512,0.8342285,-0.0499558,0.18003,0.1764579,0.9677044,0.2951574,-0.6783001,0.2425564,0
0.7759439,0.5594775,-0.2913693,-0.5848139,0.8111675,0.0001616927,0.2364397,0.1702713,0.9566107,0.3142604,-0.6752607,0.2409097,0.02239107
0.7066222,0.6147529,-0.3503766,-0.6368225,0.7683645,0.06382123,0.3084512,0.1780302,0.934432,0.3394998,-0.6710446,0.2376631,0.04486925
0.6259983,0.6656166,-0.4063013,-0.6666612,0.7270931,0.1640076,0.404585,0.1681968,0.8988997,0.3702379,-0.6674825,0.2334306,0.06722864
0.541305,0.6369842,-0.5488535,-0.5972008,0.7507618,0.2823261,0.5918955,0.1749512,0.7867985,0.424077,-0.6582785,0.2272229,0.1004887
0.4594369,0.5834836,-0.6696751,-0.5298589,0.7851578,0.3205882,0.7128586,0.2075433,0.6698943,0.4627931,-0.6481831,0.2220715,0.1230553
0.327792,0.6141688,-0.7178782,-0.5183135,0.7522036,0.4068669,0.7898756,0.2387183,0.5648984,0.4993319,-0.6364275,0.220688,0.1452604
0.1452403,0.6312991,-0.7618181,-0.5148575,0.7057418,0.4866728,0.844883,0.3215432,0.4275312,0.5381433,-0.6113611,0.2301555,0.1787949
0.03786118,0.5768186,-0.8159944,-0.4834575,0.7252247,0.4902225,0.8745487,0.3759382,0.3063251,0.5507266,-0.597075,0.2445485,0.2011777
-0.06607712,0.5699267,-0.8190345,-0.4081854,0.7335655,0.5433841,0.9105046,0.3702232,0.1841638,0.5557171,-0.5835811,0.2722001,0.2234068
-0.1137471,0.5932926,-0.79691,-0.3974293,0.7079703,0.5838048,0.9105557,0.3831214,0.1552622,0.5338073,-0.5588711,0.3592971,0.2568361
-0.01226577,0.6410903,-0.7673674,-0.4630606,0.6765336,0.5726057,0.8862418,0.362361,0.2885654,0.4815357,-0.5463834,0.4512723,0.2794205
0.1818861,0.6494455,-0.7383347,-0.492464,0.710071,0.5032678,0.851115,0.2720658,0.4489805,0.4070672,-0.5378793,0.5453073,0.3017339
0.4383125,0.7384397,-0.5124345,-0.6747294,0.6469778,0.3551902,0.5938203,0.1900703,0.7818253,0.2730901,-0.5184538,0.6455082,0.3241827
0.1304612,0.9802815,-0.148419,-0.9483416,0.0797184,-0.3070719,-0.2891852,0.1808129,0.9400418,-0.007522617,-0.4758482,0.7157432,0.3576562
-0.217738,0.898765,-0.3805414,-0.6234558,-0.428061,-0.6542681,-0.7509282,0.09479176,0.6535453,-0.1878004,-0.4619122,0.6789525,0.3798566
-0.1917284,0.851793,-0.4875337,-0.151859,-0.516514,-0.8427053,-0.9696284,-0.08753408,0.2283827,-0.3291446,-0.4547395,0.5890329,0.4022671
-0.125615,0.9068277,-0.4023486,0.2667091,-0.3597623,-0.8941126,-0.955556,-0.219624,-0.1966678,-0.4596389,-0.4793145,0.4173104,0.4356922
-0.06348998,0.9274727,-0.3684614,0.4664682,-0.2988141,-0.8325369,-0.8822566,-0.2247332,-0.4136649,-0.4846375,-0.4960933,0.3055274,0.4579739
0.001737323,0.9111893,-0.4119844,0.6949322,-0.2973479,-0.6547164,-0.7190732,-0.2851637,-0.6337313,-0.4969766,-0.5054445,0.2120193,0.4803149

7
0.7263254,0.6536316,0.2126435,-0.4132082,0.6624416,-0.6248442,-0.5492818,0.3659741,0.7512339,0.02273016,-0.586153,0.3240268,0
0.6794173,0.6977369,0.2270579,-0.3387377,0.5727578,-0.7464618,-0.6508832,0.430246,0.6254914,-0.02575415,-0.5483679,0.3245689,0.06706155
0.6208911,0.7365297,0.2683623,-0.1950185,0.4767126,-0.857154,-0.759251,0.4798637,0.4396235,-0.07741457,-0.4983338,0.3227142,0.1340186
0.6163536,0.7360545,0.2798786,-0.07275189,0.4071201,-0.9104726,-0.7841018,0.5408113,0.3044793,-0.1238367,-0.4513376,0.3073407,0.2009879
0.6162824,0.7316231,0.2914167,-0.004993837,0.3736642,-0.9275506,-0.7875094,0.5701778,0.2339363,-0.150565,-0.4186857,0.2924035,0.2679897
0.6154523,0.7397354,0.2720478,-0.01471811,0.3558883,-0.9344127,-0.7880367,0.5710824,0.2299198,-0.1530539,-0.416261,0.2950918,0.3351167
0.6722559,0.6947985,0.2555913,-0.1329597,0.4529434,-0.8815691,-0.7282813,0.5586567,0.3968741,-0.1240868,-0.4369115,0.3325723,0.4134251
0.718949,0.6393423,0.2726788,-0.2111549,0.5746691,-0.7906763,-0.6622129,0.5108785,0.548158,-0.09434874,-0.4598022,0.3588398,0.4803924
0.6685238,0.708829,0.2250273,-0.262371,0.5079224,-0.8204733,-0.6958717,0.4894653,0.5255344,-0.08336607,-0.4720731,0.3578771,0.5474223
0.6726057,0.7066242,0.2197359,-0.2775402,0.5161496,-0.8102846,-0.6859832,0.4840165,0.5432817,-0.0735522,-0.4753312,0.3605912,0.614404
0.6541046,0.7300082,0.1980788,-0.2862854,0.4813159,-0.828478,-0.7001342,0.4852042,0.5238216,-0.07304227,-0.4764216,0.3603538,0.6814625
0.6460511,0.7326768,0.2140154,-0.2788269,0.4875394,-0.827382,-0.7105445,0.4748578,0.5192654,-0.07637226,-0.479607,0.3570958,0.7598258
0.6341465,0.7442374,0.209688,-0.2717645,0.4684215,-0.8406696,-0.7238801,0.4761219,0.4993052,-0.07689873,-0.480235,0.3498314,0.8267924
0.5995476,0.7732819,0.2063437,-0.2480998,0.4246922,-0.8706797,-0.7609134,0.47082,0.4464743,-0.08488937,-0.4801385,0.3405346,0.8936559
0.5578433,0.7967471,0.2323892,-0.2170142,0.4102935,-0.8857563,-0.8010716,0.4436815,0.4017849,-0.09298415,-0.4827319,0.33071,0.9606699
0.4637818,0.8711354,0.1613368,-0.1671116,0.2648549,-0.9496977,-0.8700461,0.4134912,0.2684117,-0.1078585,-0.4829392,0.3121329,1.027772
0.1504757,0.9843587,-0.09162443,0.2112003,-0.1225483,-0.9697301,-0.9657907,0.1265697,-0.2263374,-0.1261076,-0.4900373,0.2475048,1.105983
0.1519761,0.9289224,-0.3376484,0.4828822,-0.3678536,-0.7946752,-0.8623967,-0.04227277,-0.504465,-0.1370604,-0.4633467,0.2528822,1.17307
0.1019911,0.8573272,-0.5045669,-0.3221704,-0.4514093,-0.8321275,-0.9411716,0.2474261,0.2301656,-0.1293104,-0.3419212,0.5793546,1.239952
0.7015474,0.4791165,-0.5275214,-0.3100257,0.8717285,0.3794384,0.6416506,-0.1026489,0.7600973,0.2862118,-0.3165028,0.7476125,1.30698

8
0.9876897,0.1410988,0.0675333,-0.1163244,0.9511475,-0.2859844,-0.1045862,0.274608,0.9558518,0.1540181,-0.5165021,0.2979899,0
0.9863914,0.1296601,0.1010968,-0.1008675,0.9628025,-0.2506733,-0.1298386,0.2370646,0.9627786,0.1472094,-0.5128028,0.2960445,0.01124331
0.9887425,0.08716387,0.1216183,-0.06223803,0.9787327,-0.1954705,-0.1360697,0.1857006,0.9731395,0.1418268,-0.5092817,0.2949594,0.02219306
0.9943306,-0.05766711,0.08933821,0.06430473,0.9952352,-0.07329245,-0.08468591,0.07862181,0.9933011,0.1382059,-0.5065758,0.2997284,0.03326673
0.8845351,-0.4486803,-0.1276083,0.4575041,0.887823,0.04960209,0.09103813,-0.102256,0.9905837,0.1383098,-0.4869974,0.3206596,0.05557655
0.8742591,-0.4831924,-0.04686587,0.4834341,0.8753545,-0.006785478,0.04430302,-0.01672416,0.9988784,0.1291381,-0.4546565,0.3413323,0.06677745
0.8839239,-0.4637006,0.06050234,0.4673445,0.8804858,-0.07958568,-0.01636747,0.09862316,0.9949905,0.11851,-0.4163345,0.3622765,0.07798728
0.915916,-0.3490707,0.1981107,0.3884769,0.8950812,-0.2188955,-0.1009152,0.2774513,0.9554251,0.0999769,-0.3664017,0.3878016,0.08933867
0.9106178,-0.2235071,0.3475922,0.3373521,0.8878618,-0.3128819,-0.2386826,0.4021767,0.8839033,0.05833502,-0.2952022,0.4558792,0.1115586
0.9049485,-0.1587564,0.3947974,0.291769,0.9068514,-0.3041241,-0.3097409,0.3904063,0.8669739,0.03427734,-0.2676448,0.4909962,0.1227058
0.8858358,-0.2858327,0.3655069,0.3687111,0.9118468,-0.1805209,-0.2816875,0.2946784,0.9131361,0.02107533,-0.2439992,0.5388353,0.1338942
0.8556345,-0.4522237,0.2517609,0.4877131,0.8672961,-0.0996671,-0.1732793,0.2080657,0.9626439,0.0232087,-0.2244238,0.5865321,0.145171
0.89104,-0.4294096,-0.1471577,0.4013382,0.8967273,-0.186569,0.2120748,0.1071804,0.9713582,0.06391709,-0.1965273,0.6806024,0.1673321
0.9246092,-0.2920817,-0.2445122,0.238049,0.9441838,-0.2277049,0.2973729,0.1523322,0.9425309,0.07408806,-0.1830354,0.7109142,0.1786492
0.9401641,-0.2402005,-0.2416509,0.188119,0.9572733,-0.219634,0.2840822,0.1610329,0.9451803,0.06701168,-0.1782554,0.7359116,0.1895898
0.9464843,-0.2504545,-0.2035695,0.2195566,0.9619416,-0.1626755,0.2365647,0.1092747,0.9654514,0.05258024,-0.1801125,0.7519045,0.2008671
0.9652336,-0.2373911,-0.1094072,0.2421129,0.969723,0.03191588,0.09851823,-0.05729503,0.9934848,0.01741159,-0.1877373,0.7526113,0.223544
0.970492,-0.2114881,-0.1158377,0.2232294,0.9696286,0.09994562,0.0911823,-0.1228547,0.9882271,0.009683182,-0.1907082,0.7499605,0.2342909
0.9681584,-0.2254214,-0.1088789,0.2325565,0.9708608,0.0578503,0.09266562,-0.08132871,0.9923702,0.001514454,-0.1830567,0.7445472,0.2456584
0.9664383,-0.251151,-0.05404388,0.2463556,0.9656834,-0.08224598,0.07284541,0.06617171,0.9951458,-0.002296457,-0.1690021,0.735878,0.2568938

9
0.9768329,-0.2104421,0.03888006,0.2140031,0.9601926,-0.1795349,0.0004493518,0.1836961,0.9829831,0.04988234,-0.4189455,0.4272789,0
0.9721289,-0.2295484,0.04767922,0.2343546,0.9571709,-0.1700052,-0.00661269,0.176441,0.9842894,0.04814241,-0.420538,0.4294914,0.01202281
0.9648221,-0.2545449,0.06577036,0.2622882,0.949074,-0.1745376,-0.0179933,0.1856486,0.9824517,0.04700862,-0.4161808,0.4396827,0.03350535
0.9731638,-0.222199,0.05983699,0.2294345,0.9568899,-0.1781056,-0.01768254,0.1870546,0.9821907,0.04702307,-0.4129916,0.4447743,0.04482327
0.9831529,-0.1757101,0.05036918,0.1822915,0.9628042,-0.199444,-0.01345129,0.2052659,0.9786143,0.04382627,-0.4002169,0.460078,0.06704213
0.9765128,-0.1889475,0.1035464,0.2092762,0.9460859,-0.2472346,-0.05124941,0.2630976,0.9634074,0.02900634,-0.3730786,0.4840897,0.08931389
0.9599882,-0.2470358,0.1318954,0.2718526,0.9351448,-0.2271575,-0.06722523,0.2539246,0.9648852,0.01953142,-0.3595981,0.5010821,0.1005664
0.9266996,-0.3536787,0.1270417,0.3690348,0.920305,-0.1298158,-0.07100399,0.1671832,0.9833661,0.005077782,-0.3380376,0.5429429,0.1228984
0.9194742,-0.3856463,0.07644921,0.3924017,0.912203,-0.1179262,-0.0242594,0.138429,0.9900754,-0.002726926,-0.3165096,0.586257,0.1451025
0.9360707,-0.344534,0.07119068,0.351522,0.9241654,-0.1495014,-0.01428363,0.164969,0.9861955,-0.006682078,-0.3059244,0.6054519,0.1563788
0.9689485,-0.1902549,0.1579322,0.2278071,0.9352323,-0.2710065,-0.09614296,0.2985694,0.9495333,-0.02875273,-0.271757,0.6482742,0.178776
0.9213869,-0.2931516,0.2551639,0.339679,0.9264518,-0.1621893,-0.188851,0.2361129,0.953198,-0.0565144,-0.2481947,0.6901675,0.2009483
0.8762646,-0.4462554,0.1817053,0.4622023,0.8850464,-0.05533471,-0.1361241,0.1324726,0.9817953,-0.05658697,-0.2491397,0.7094525,0.2123457
0.9055477,-0.4240093,0.01412803,0.4241151,0.9039461,-0.05484375,0.01048334,0.05565566,0.9983953,-0.04060008,-0.2591138,0.7321992,0.2345255
0.975592,-0.2194317,-0.008405957,0.2143757,0.9600106,-0.1800631,0.04758137,0.1738661,0.9836195,-0.0318829,-0.253372,0.7399254,0.2570837
0.9834947,-0.1808361,0.006093646,0.1791207,0.9682984,-0.1741093,0.02558475,0.172327,0.9847077,-0.03418449,-0.2500303,0.7410658,0.2680996
0.9567609,-0.2907735,-0.007729637,0.2897477,0.9550506,-0.06264731,0.02559838,0.05769894,0.998006,-0.04292748,-0.2584673,0.7388791,0.2903752
0.9577089,-0.2842623,-0.04459968,0.2803051,0.9566947,-0.07851361,0.06498674,0.06269175,0.9959152,-0.04559427,-0.2606948,0.7343606,0.3127432
0.9645171,-0.2561453,-0.064008,0.2451264,0.958839,-0.1433211,0.09808441,0.1225456,0.9876046,-0.04165208,-0.2586642,0.7284448,0.3239408
0.9741597,-0.2024975,-0.1000409,0.1741631,0.9554917,-0.2381235,0.1438077,0.2145469,0.966069,-0.03128889,-0.2644292,0.710323,0.3462627

10
0.8857029,0.4224448,0.192538,-0.2947623,0.8321162,-0.4697848,-0.3586721,0.3593369,0.8615286,-0.008051756,-0.4338867,0.4611214,0
0.8393186,0.495732,0.2231463,-0.3356436,0.7954232,-0.5046242,-0.427654,0.3486428,0.8340028,-0.02101656,-0.4338433,0.4555637,0.0110752
0.816821,0.5178337,0.2542672,-0.3309566,0.7816396,-0.5286846,-0.472516,0.3476892,0.8098402,-0.03341233,-0.428471,0.450231,0.0223788
0.8454847,0.4473538,0.2915998,-0.2510493,0.8149492,-0.5223335,-0.471307,0.368419,0.8013349,-0.04148822,-0.4189455,0.4470052,0.03340699
0.8812303,0.3504544,0.3171989,-0.1550235,0.8482132,-0.5064604,-0.4465437,0.3971349,0.8017999,-0.0524666,-0.3983704,0.4478453,0.05592044
0.8686014,0.3779843,0.3204058,-0.1696833,0.8344162,-0.5243638,-0.465553,0.4010956,0.7889126,-0.06059933,-0.3876988,0.4499325,0.06698874
0.8575462,0.4043521,0.3179845,-0.1774548,0.8127472,-0.554934,-0.4828297,0.4194536,0.7687225,-0.06692148,-0.374375,0.4572767,0.07809613
0.8557308,0.4203399,0.3017268,-0.1831162,0.7914202,-0.5832003,-0.4839351,0.4438113,0.7542136,-0.06803852,-0.3544894,0.4691375,0.08937418
0.8880544,0.3765699,0.2637324,-0.1785116,0.8110886,-0.5570179,-0.4236667,0.4475829,0.7875128,-0.05932026,-0.3323501,0.5067562,0.111719
0.9411844,0.2695109,0.2038034,-0.1413665,0.861912,-0.4869531,-0.3068998,0.4295017,0.8493179,-0.03568295,-0.3181717,0.5433875,0.1231171
0.9729403,0.224473,0.05477136,-0.1797056,0.8841366,-0.4312869,-0.1452376,0.4097736,0.9005511,-0.001811856,-0.3044428,0.5858043,0.1340258
0.9802976,0.1644494,-0.109422,-0.193877,0.9070577,-0.3737085,0.03779603,0.3875599,0.9210694,0.03938366,-0.2933956,0.6296663,0.1450583
0.8739703,0.09240852,-0.4771131,-0.2440631,0.9324288,-0.2664767,0.4202492,0.3493384,0.8374687,0.1530168,-0.271914,0.7102994,0.1675495
0.8301499,0.1017747,-0.5481727,-0.2602372,0.9402565,-0.2195321,0.4930801,0.3248994,0.8070395,0.197474,-0.2711398,0.7422395,0.1788442
0.8034102,0.08937064,-0.588681,-0.2042178,0.9700613,-0.1314389,0.5593099,0.2258184,0.7976083,0.2346902,-0.284175,0.7672024,0.1897944
0.7713108,0.07212602,-0.6323591,-0.1075665,0.9940381,-0.01782362,0.6273035,0.08176813,0.7744707,0.2617571,-0.3071277,0.7823588,0.2009688
0.7006691,0.1358699,-0.7004304,0.1347739,0.9388233,0.3169336,0.7006422,-0.3164652,0.6394928,0.2996193,-0.3815554,0.7471446,0.2235085
0.6993968,0.2221327,-0.6793389,0.06944825,0.9248601,0.373913,0.7113518,-0.3086923,0.6314175,0.3155145,-0.3850608,0.7318146,0.2346576
0.7150954,0.3764461,-0.5890051,-0.1785786,0.9130278,0.3667289,0.6758318,-0.1570623,0.7201272,0.3291127,-0.3672651,0.7300773,0.2458636
0.6700455,0.5500776,-0.4984513,-0.4571017,0.8348168,0.3068206,0.5848908,0.02225926,0.8108067,0.3260747,-0.3464587,0.7319765,0.256904

11
0.8196601,0.5032869,0.2736056,-0.3672698,0.8282348,-0.4232494,-0.4396256,0.2464335,0.8637131,-0.002207086,-0.4938061,0.4745233,0
0.7956963,0.5340076,0.2858386,-0.3998613,0.8175865,-0.4143227,-0.4549493,0.2153792,0.8640794,-0.005060912,-0.4896437,0.4784607,0.01141295
0.8268114,0.4741669,0.3025701,-0.3687032,0.8631173,-0.345089,-0.4247832,0.173765,0.8884622,-0.008815404,-0.4738072,0.4898523,0.03358992
0.8757891,0.3740496,0.3050907,-0.2901917,0.9130901,-0.2864532,-0.3857231,0.1623378,0.9082204,-0.009654233,-0.4640934,0.4978019,0.04480232
0.9368382,0.1872689,0.2954057,-0.1248028,0.9679722,-0.2178397,-0.326739,0.167213,0.9302049,-0.0147025,-0.4323797,0.5156893,0.06707381
0.9080554,0.2822822,0.3094389,-0.1813841,0.9309336,-0.3169581,-0.3775386,0.2316882,0.8965408,-0.0227826,-0.4131825,0.5195707,0.07844589
0.755995,0.5982476,0.2656526,-0.3237775,0.6944769,-0.6425496,-0.5688933,0.399752,0.7187202,-0.04988544,-0.3711514,0.5145814,0.1007657
0.6469181,0.7373688,0.1943817,-0.3375887,0.5054995,-0.7940429,-0.6837623,0.4480596,0.5759441,-0.06775642,-0.3518599,0.5074192,0.1118864
0.5878481,0.7948806,0.1503312,-0.2631898,0.363639,-0.8935871,-0.7649613,0.4857278,0.422969,-0.08827325,-0.323122,0.5062915,0.1341653
0.5666175,0.8172323,0.1052416,-0.3870004,0.376704,-0.8416204,-0.7274444,0.4361483,0.5297164,-0.08297061,-0.3188252,0.536939,0.1453404
0.4347441,0.8938016,0.1100742,-0.6348712,0.3908758,-0.6664493,-0.6386988,0.2198519,0.7373798,-0.05513073,-0.3236573,0.6021972,0.1674568
0.3448324,0.9166744,0.2019872,-0.7753716,0.3994534,-0.4891174,-0.529046,0.01204832,0.8485078,-0.01772944,-0.3415493,0.6396592,0.1788488
0.5692043,0.7729738,0.2802109,-0.8115801,0.5828085,0.04089439,-0.1316991,-0.2506908,0.9590672,0.08791789,-0.3321838,0.7148978,0.2009345
0.7504997,0.6561248,0.07906151,-0.6581351,0.7311503,0.1796598,0.06007336,-0.1868676,0.9805468,0.1455069,-0.3071695,0.7545609,0.2122989
0.5818047,0.7427221,-0.3314628,-0.7918036,0.6103748,-0.0221322,0.1858784,0.27533,0.9432088,0.2498841,-0.1777883,0.8083673,0.2346476
0.252404,0.8264747,-0.5032215,-0.9144401,0.373775,0.1552145,0.3163725,0.4209892,0.8501039,0.3059643,-0.1714642,0.7934274,0.2455565
-0.09221976,0.8728424,-0.4792094,-0.8748919,0.1587711,0.4575546,0.4754576,0.4614519,0.7490008,0.3941272,-0.18665,0.7509511,0.2679695
0.1036935,0.8696493,-0.4826569,-0.8443974,0.3334079,0.4193237,0.5255861,0.3640731,0.7689019,0.4118388,-0.219886,0.7267587,0.2792414
0.5773838,0.6392352,-0.5079435,-0.5954093,0.7553393,0.2737708,0.5586737,0.1443635,0.8167273,0.439633,-0.2743012,0.7074391,0.301623
0.651753,0.6212561,-0.4350389,-0.5300354,0.783377,0.3246272,0.5424762,0.01900927,0.8398561,0.4432865,-0.3003246,0.7043568,0.3128219

12
0.9844654,0.1406521,0.1050974,-0.1232651,0.979912,-0.1567743,-0.1250369,0.1413841,0.982027,0.2218972,-0.365053,0.1654413,0
0.7996781,0.5202045,0.2998376,-0.5401409,0.841357,-0.01914055,-0.2622274,-0.1466482,0.9537983,0.1178333,-0.02535151,0.7123886,0.2454328
0.4302312,0.888555,-0.1592835,-0.9024498,0.4190453,-0.09992928,-0.02204565,0.186738,0.9821626,0.2736921,-0.05308223,0.684514,0.4911498
0.7639738,0.6121108,0.204119,-0.5878097,0.7906992,-0.1710979,-0.2661276,0.01073119,0.9638782,0.3333592,-0.2991976,0.3050299,0.7370808
0.8998396,0.3069923,0.309911,-0.2977806,0.9514527,-0.07787409,-0.3187724,-0.0222112,0.9475713,0.2394456,-0.4618563,0.164526,0.9938646
0.9005569,0.3097546,0.3050398,-0.2700444,0.9484528,-0.1658711,-0.3406952,0.06700206,0.9377833,0.1636312,-0.5129671,0.1901556,1.239739
0.8367789,0.3075514,0.4530045,-0.2457617,0.9502864,-0.1911984,-0.4892874,0.04865966,0.8707641,0.07291863,-0.5268518,0.2798607,1.485431
0.922359,0.2446298,0.2990161,-0.1778875,0.9559761,-0.2333792,-0.3429438,0.1620682,0.9252697,0.05525227,-0.4959366,0.3564858,1.731294
0.9660219,0.1038349,0.2366865,-0.03505031,0.9599227,-0.2780644,-0.2560735,0.2603204,0.9309459,-0.02537012,-0.4612576,0.4056101,1.988186
0.9880961,-0.0172526,0.1528677,0.06960905,0.9362886,-0.3442648,-0.1371889,0.3508077,0.9263441,-0.01551366,-0.4416337,0.3996703,2.233973
0.9962547,-0.06361884,0.05855869,0.08069081,0.9274115,-0.3652354,-0.0310722,0.3685927,0.9290717,0.005214001,-0.430348,0.4084461,2.479569
0.9966905,-0.06161299,0.05302681,0.08009752,0.8556619,-0.5112996,-0.01387023,0.5138547,0.8577651,0.01119771,-0.3851886,0.4177136,2.725395
0.9862785,0.1014656,-0.1302297,-0.1617277,0.7522392,-0.6387334,0.03315432,0.6510307,0.7583272,0.1368791,-0.3715877,0.3711875,2.982179
0.8925416,0.3768657,-0.247673,-0.4316351,0.5548415,-0.7112259,-0.1306174,0.741703,0.6578876,0.1539829,-0.3540645,0.3393923,3.227902
0.868962,0.4392556,-0.2279469,-0.471729,0.5959802,-0.6498304,-0.1495898,0.6722069,0.7250938,0.1518641,-0.3833642,0.3224285,3.47365
0.9372187,0.3217253,-0.1345894,-0.3437535,0.7871946,-0.512014,-0.05877986,0.5261345,0.8483677,0.1515995,-0.4445997,0.2860957,3.719118
0.9616853,0.2734787,-0.01925771,-0.2523353,0.8554938,-0.4521696,-0.107184,0.4397042,0.8917242,0.1388872,-0.4686389,0.2740607,3.976038
0.9988248,-0.04387235,-0.02060078,0.03387784,0.9359123,-0.3506002,0.03466219,0.3494903,0.9362988,0.1575189,-0.4768145,0.2684543,4.221706
0.9976302,0.05612883,0.03979525,-0.03961762,0.9414819,-0.3347272,-0.05625436,0.3323573,0.9414744,0.138593,-0.4845068,0.2582741,4.46736
0.8741735,0.4747162,0.1023003,-0.4006833,0.8241191,-0.4003508,-0.2743605,0.308986,0.9106339,0.2178374,-0.3801636,0.2332852,4.712733

13
0.09680975,0.9909068,-0.09344427,-0.6497639,-0.008197522,-0.7600921,-0.7539465,0.1343011,0.6430618,0.01419573,-0.2601689,0.4657627,0
0.04920905,0.9940169,-0.09751271,-0.641012,-0.04344039,-0.7663009,-0.7659521,0.1002158,0.6350391,0.0051835,-0.257113,0.4697454,0.01116028
0.02638047,0.9955278,-0.09071048,-0.632377,-0.05365882,-0.7728004,-0.7742118,0.07775008,0.6281334,-0.003600957,-0.2531019,0.472487,0.02246669
0.03862988,0.9968774,-0.0688708,-0.6244636,-0.02972281,-0.7804884,-0.7800983,0.07315749,0.6213654,-0.01452419,-0.2475805,0.4749118,0.03357204
0.05889933,0.9968697,-0.05274248,-0.6135721,-0.005525025,-0.7896197,-0.7874393,0.07886938,0.611326,-0.02673548,-0.2409946,0.477099,0.04463216
0.052149,0.9974685,-0.04834407,-0.6050416,-0.006955162,-0.7961636,-0.7944843,0.07076929,0.6031472,-0.03776498,-0.2363858,0.4793432,0.05593704
0.04008982,0.9986271,-0.03371711,-0.5964425,-0.003156195,-0.8026498,-0.8016543,0.05228842,0.5954971,-0.04854093,-0.2329348,0.4822817,0.06704827
0.07937945,0.9902413,0.1145474,-0.610572,0.1391306,-0.7796438,-0.7879727,-0.008051684,0.6156579,-0.05900802,-0.2279286,0.511133,0.0893959
0.1388267,0.9656346,0.2197206,-0.6492637,0.2562806,-0.7160846,-0.7477862,-0.04324491,0.6625302,-0.05582798,-0.2232201,0.5347767,0.1007044
0.2750552,0.9221972,0.2718405,-0.7610128,0.3816239,-0.5246171,-0.5875413,-0.06257536,0.8067714,-0.03038394,-0.2087423,0.5846003,0.1117686
0.3516496,0.9066762,0.232983,-0.8150938,0.4189487,-0.4001304,-0.4603966,-0.04919721,0.8863493,-0.009763111,-0.1905039,0.6271326,0.1229181
0.2976614,0.954222,0.02929186,-0.8884587,0.2881138,-0.3572555,-0.3493404,0.08031663,0.9335473,0.01431265,-0.1527304,0.6741062,0.1340935
0.08002987,0.9737241,-0.2132061,-0.9454038,0.006356449,-0.32584,-0.315923,0.2276427,0.921071,0.03928291,-0.1136166,0.7094521,0.1451735
-0.006295666,0.9417873,-0.3361503,-0.9746594,-0.08094718,-0.2085343,-0.2236054,0.3263193,0.9184314,0.07306257,-0.08392581,0.7379239,0.1569707
0.3259691,0.8779507,-0.3506378,-0.9286689,0.3667977,0.05507984,0.1769705,0.307672,0.9348902,0.1757596,-0.06365783,0.7609535,0.1787984
0.4335707,0.8455597,-0.311521,-0.8376353,0.5056365,0.2066374,0.3322406,0.1713492,0.9274998,0.2355217,-0.08604087,0.7538013,0.1900027
0.4823678,0.8290748,-0.2827654,-0.7533037,0.5573559,0.3491248,0.4470514,0.04460169,0.8933957,0.2866975,-0.1044676,0.7386192,0.2012107
0.4556542,0.8495822,-0.2656864,-0.7142644,0.5270755,0.4604539,0.5312302,-0.02003747,0.8469905,0.3255307,-0.1180563,0.7216653,0.2122547
0.4145199,0.879255,-0.2346997,-0.6791714,0.4705532,0.5632991,0.6057222,-0.07409737,0.7922186,0.3561085,-0.1271375,0.7027497,0.223369
0.3002107,0.9442437,-0.1351945,-0.7259078,0.3181044,0.6098096,0.6188148,-0.08493257,0.7809322,0.3774687,-0.137309,0.6923177,0.2346647

14
0.9815107,-0.1085232,0.1576689,0.1327417,0.9793917,-0.1522218,-0.1379001,0.1703366,0.9756891,0.1706263,-0.3594826,0.2491719,0
0.9787573,-0.1611665,0.1267268,0.1803595,0.9707621,-0.1584027,-0.09749243,0.1778942,0.9792083,0.1709671,-0.349524,0.2584412,0.01100596
0.9774678,-0.1546744,0.1436406,0.1795914,0.9669729,-0.18086,-0.1109221,0.2025815,0.972963,0.165821,-0.3362158,0.2689353,0.02217901
0.9702621,-0.1069119,0.2171666,0.1523225,0.9669374,-0.2045234,-0.1881205,0.2315207,0.9544678,0.1526362,-0.3222588,0.2792101,0.03350842
0.9280232,-0.1341434,0.347532,0.1893901,0.9732488,-0.13007,-0.3207871,0.1865272,0.9286028,0.1221943,-0.2965902,0.3108991,0.05571553
0.9155722,-0.1943647,0.3520653,0.2365234,0.9682822,-0.08053732,-0.3252449,0.1570094,0.9325041,0.1090686,-0.2835253,0.3307051,0.06700253
0.9090154,-0.2802725,0.3084453,0.3101822,0.9492779,-0.0515614,-0.2783491,0.1425443,0.9498436,0.1019345,-0.2648707,0.3609752,0.07811964
0.9159175,-0.2740823,0.2932134,0.3168167,0.9422132,-0.1089103,-0.2464191,0.1926477,0.9498234,0.09276534,-0.239216,0.3925675,0.0892679
0.9219398,-0.2298044,0.3117963,0.3049568,0.9269584,-0.2185165,-0.2388061,0.2965435,0.9246803,0.06654973,-0.1877746,0.4632969,0.1114436
0.9141667,-0.2490747,0.3197828,0.3273835,0.9188771,-0.2201934,-0.2389965,0.3059851,0.9215497,0.04851332,-0.1672343,0.4991486,0.1227311
0.9002874,-0.2788488,0.3342544,0.3524958,0.9175547,-0.183957,-0.2554005,0.2834374,0.9243559,0.02858752,-0.1527367,0.5397909,0.1339085
0.8737803,-0.313806,0.3715291,0.3825792,0.915184,-0.1267732,-0.3002353,0.2529112,0.9197254,0.006824768,-0.1397157,0.5782478,0.145347
0.7710537,-0.5096098,0.3818038,0.5402931,0.8408961,0.03125671,-0.3369861,0.1821854,0.9237147,-0.02395041,-0.1145139,0.6530512,0.1676384
0.7660593,-0.4993374,0.404741,0.5426523,0.8399079,0.009125832,-0.344502,0.2126427,0.9143858,-0.03910458,-0.09721354,0.6847201,0.1785803
0.7843195,-0.3978316,0.4759968,0.4970233,0.8621399,-0.09840111,-0.3712287,0.3137593,0.8739247,-0.0565566,-0.07786666,0.7092509,0.1898108
